1.137301692709098422e+00
-1.092139182860792784e-01
1.062665208705738072e-02
-6.325885675720423207e-02
-3.588693405392416602e-02
2.904675978624192759e-02
3.199002581177918386e-02
8.015559766019066112e-02
2.607527387651108804e-03
-1.353705861509162806e-02
8.225240589414013759e-02
1.242907985606049592e-02
4.524117827162390387e-02
5.623380908030130299e-02
1.793173276152666695e-02
4.277261136299781441e-02
4.291821442298409187e-03
4.391802802104100706e-02
7.985217125055918061e-03
2.850563264845733941e-02
5.362679081325749664e-02
7.355259615900747346e-03
-3.796323458263739514e-02
-1.580101082263334067e-02
-3.940521951596544226e-02
4.252566835467744624e-03
-3.500012011432103443e-02
-7.348388070842212273e-03
-3.272617367678812283e-02
-5.293648232869836885e-03
5.528328669990767615e-03
5.582569163357097713e-03
-5.041579205369420280e-02
-1.867572145486621690e-02
4.966788123071704496e-03
-2.705217584337445830e-02
-7.245805520313809527e-03
-1.274612964007477978e-02
-2.270127774267932316e-02
-2.928022973346373903e-02
1.295571065460942575e-03
-3.096997192377982586e-02
-8.285185453479438711e-04
-9.080205675381510314e-03
1.863150984198625858e-03
-4.107866760587749414e-04
-2.449238632691237792e-03
-3.804487039126997275e-03
-3.014501028701338861e-02
-1.114995337592297568e-03
-3.915994748183047533e-04
-3.006289060083736780e-02
-3.892132666026966187e-03
-1.228570214500496541e-02
-3.017091850443185189e-02
-4.481469168590801119e-03
-2.221128247099814559e-02
1.617717112796325518e-03
-7.292012077663822048e-03
-4.487696102971725984e-03
4.972850317400633567e-03
-5.274764346615445042e-03
-1.795022276179873959e-03
1.459760137200444979e-02
1.688115490146332304e-02
5.605582094254972980e-05
2.144457631305324991e-02
6.468392260458627648e-03
9.163407538556959595e-03
-3.666055608263562877e-03
-3.739819124878031222e-03
-2.471403400841689106e-04
1.812212469161596619e-03
1.973217898336062856e-02
4.072126166065371221e-03
1.468796517392912011e-02
-7.270175715870583547e-03
2.051236131877242318e-03
5.730597153100482413e-03
5.160645172602030921e-03
5.453668984791410802e-03
5.946697556170182502e-05
6.527821331778629367e-03
1.555475882656645647e-03
8.553085815970060818e-03
2.244428758827570359e-03
-1.067712228024043832e-03
-1.833123247465956018e-03
-1.425777702949051432e-03
1.750274216449700451e-02
1.241979144249870035e-02
4.226923357722209111e-04
-2.127902034736291192e-03
1.326194633792384704e-02
4.687111972007571535e-03
-6.550508037094022106e-04
3.538828476561780862e-03
2.480491896206823629e-03
3.400434560102342466e-03
4.178656052554009098e-03
1.459666222671713795e-02
3.239920248123849458e-03
-8.407130705743636129e-04
1.338602228915594834e-02
5.918490571117204953e-03
-2.010778488163624065e-03
2.512459457160832500e-03
-1.123625911899604497e-03
2.862607328536277695e-03
-1.138034225495143398e-03
1.236774699795705488e-03
-6.531420742012663356e-04
-1.051780254914863729e-03
-1.396404791703234670e-04
1.892700055688603233e-03
5.358208049106856323e-04
9.186654246884320594e-05
1.403834879085626738e-04
1.184336542073413092e-03
1.224626862275651935e-02
-4.372996870758149728e-05
7.847614752734911393e-06
-7.574958931950478557e-05
1.924836965710265135e-02
4.624653898320195411e-03
9.272792192344488831e-05
1.100370877158020171e-02
2.593023013087855308e-03
3.561061700675449433e-03
1.223563583312558579e-02
9.227204183486714673e-03
5.214415458474971226e-05
1.956114939693083532e-02
1.513976471207708913e-03
6.720919135059582120e-03
-2.331556392392397908e-03
-1.886872305870451630e-04
1.279437859586209092e-03
5.602334516713082524e-04
4.727744744659282891e-03
1.763826342250051672e-03
5.561421438220981407e-04
-1.671178105646681396e-04
-8.311576761567481973e-05
-1.903016764844548368e-03
2.298292362353632733e-03
-1.182122362556734278e-03
2.262803076996942539e-03
-2.990066997894027926e-04
1.028601472766958909e-03
1.819827261389452390e-03
-1.356177016290346536e-03
1.210066671568488196e-03
3.808642768407677760e-04
-2.302999223681721601e-03
-8.278735166939233878e-03
-1.712106831227110278e-03
5.602076769701076417e-04
-8.703132839747735466e-03
-4.780487409223747701e-03
-9.166264258626206961e-04
-2.692189428257166488e-03
-1.006921979074387567e-03
-2.809370113526336605e-03
1.212525221349691935e-03
2.343347646955008465e-04
1.189683072114517673e-03
2.685008388581597901e-03
1.119978147176736499e-03
-1.191964736691352019e-03
-4.778579783795420307e-04
8.770178893687450000e-04
-5.846805876426780816e-04
-3.935295582706309424e-04
-8.287124644347894364e-03
-5.928754129599431502e-03
-6.985744081544831762e-04
-1.182567306560550896e-02
-1.956047135150735909e-03
-4.046376957010253995e-03
3.587784864075937215e-03
7.349121685178869280e-04
-1.969727708625007958e-04
-4.402255866958437974e-04
-1.458366510131620759e-03
1.100777432198604211e-03
-1.492450614850353990e-03
1.494088596150848925e-03
-3.017438646314878135e-04
-2.155983087769867967e-03
-1.235616418384088370e-03
-6.082121076580521883e-04
-2.078224040583094220e-03
-1.559594737183372373e-03
4.374326315014603049e-04
1.587160732583813529e-06
4.567010266054674530e-04
7.137971089798487555e-04
-7.071108199892034343e-04
-2.257409319782555622e-03
-1.064777235996033737e-03
-1.307340834580191348e-03
1.001193770942162154e-03
-6.790443066219385183e-04
-7.977851276494922874e-04
-1.473392884983337932e-03
-1.862307169756675625e-03
-1.083160278185625825e-04
-1.357071799489574212e-03
6.627947419638045205e-05
-1.367516790338083000e-03
-6.585487406840340825e-04
2.906459366416848052e-04
2.038127428354246751e-04
4.296581622228327403e-04
2.503721353119454669e-04
-3.715785480821656890e-03
-3.756502080525688653e-03
-1.306698396511562317e-03
5.720185389949013210e-04
4.392842053918044934e-04
-3.762588095407659074e-03
-2.686982752232153823e-03
-1.042416407406639026e-04
4.180154051185560400e-04
-1.077218544127673703e-03
-2.823055676986828237e-04
-4.375790279159988102e-05
-4.509486961263220657e-04
-6.039846571991072102e-04
-6.373385466745466570e-04
-1.366223993624248649e-04
-4.184503581063845484e-03
-1.312632977787621912e-03
-3.823065976802118631e-04
2.121432265553128450e-04
-2.925554294427351338e-03
-3.073432093279928560e-03
-1.753821625045499596e-04
5.097983359920066782e-04
-8.688192340789059479e-04
2.232125725661828104e-04
6.576242365387137368e-04
-2.017836567538524488e-05
2.734173323114081288e-04
-6.346033581640776831e-04
5.157799353545095130e-04
-3.573071153637689523e-04
-8.483897665791635483e-05
1.856153811591039037e-04
6.110212604631494243e-04
3.800919356327637740e-05
2.974323803417167609e-04
8.143595665572911672e-05
-7.512214889001384683e-05
-7.034142671101907074e-04
-2.086274582732572532e-04
-2.518257506289312540e-04
1.328623945490238533e-04
-2.451661610834897039e-05
7.156393940613043226e-05
-1.832720755155652938e-04
-1.484693447547404664e-04
-2.343887735088761722e-05
-3.440909119487211762e-06
-2.558537152494550458e-04
-2.924599277474318644e-03
-1.244246921051277524e-04
-1.777833640524288162e-04
1.043503009092107723e-04
-3.043628083320583209e-06
-6.736670482811631978e-03
-2.718839640070210614e-03
-3.700781031993880302e-04
1.635927259591164176e-04
-5.543611096723026661e-03
-1.351764287715481521e-03
-1.935663441634611270e-04
-1.362648079715955349e-03
-4.297318954661980819e-04
-7.585620544423609442e-04
-2.361198451829354429e-03
-4.612823287851846796e-03
-6.817422400851021278e-04
-7.752266588572858346e-06
-8.186095089854164911e-03
-1.957695763353261426e-03
2.463214801718737542e-04
-2.459443398061195944e-03
-7.071959802292523219e-05
-1.366477040718805771e-03
9.521828502157380757e-04
2.727013833531201120e-04
7.768188507889002429e-05
4.976022142033865656e-04
-4.251958051092044540e-05
-6.431661040331485522e-04
-4.746666012599459370e-06
2.886743791218451114e-05
-1.308817506084052203e-04
-8.406548964789402410e-05
-1.671224698033528782e-03
-3.898855113882705682e-04
-2.006722691142865116e-04
6.381493378490781865e-05
-4.138490193490213962e-04
-1.830250807374512198e-04
1.154997759345672089e-05
2.697045287305260006e-04
-1.818779558200889505e-04
3.759542025408876115e-04
-4.285012480250203039e-04
-5.216380706615817786e-04
3.401674071420123218e-04
-1.501090791171391485e-03
2.003985034600945655e-04
-4.570245675348324913e-04
5.957842533400298625e-04
1.236648955336070691e-04
-5.552693303299879309e-05
-2.247223308772174511e-04
-4.375222874859380803e-04
-6.002886027048436436e-04
-2.474332236471141482e-04
1.169556852099425044e-04
7.629679182168115604e-05
5.102832267131806113e-04
-3.286075998617166345e-04
4.516269631584982178e-04
-2.787656695207517648e-04
1.185171890735628946e-04
-9.983958982889686929e-05
-3.794395424203177245e-04
2.218010261913152430e-04
-2.769099322749090058e-04
-5.322812309195694853e-05
-1.318424028546087918e-04
2.227527744266592780e-03
7.623482261930758118e-04
7.888120842057773157e-05
-1.870099057578342118e-04
1.834721981696428236e-03
1.880657500646380677e-03
4.038890326618087452e-04
1.014153179228351973e-04
8.880092637849248266e-04
3.499649433344654724e-04
1.396023426968340004e-04
2.640717818642023961e-04
1.047781428439954131e-04
6.454612145096443737e-04
-1.989599913820684694e-04
2.327386623799302496e-04
-2.739978324600781377e-04
-1.742139981313905756e-04
-1.169575356769583883e-03
-4.951519913617615518e-04
-2.929818363162179306e-04
-1.701310970314433334e-04
-9.026876831135261935e-05
5.440224376225830452e-04
1.338564230975159124e-04
6.635214010654128197e-05
-2.580356411867326064e-04
-2.569006975989775158e-05
-1.424235267462985719e-04
2.326508573368726005e-04
6.045854819099633634e-05
-2.485144531919211914e-04
2.202839421943219569e-04
4.586141920026971856e-05
1.648187798785620073e-03
2.858083594728417966e-03
5.694467615171533003e-04
1.884968538606019263e-04
4.935686310375862057e-03
1.436885358684487435e-03
1.936083259573481154e-04
1.537816149773426093e-03
1.625149387917852457e-04
8.136709198717744082e-04
-1.418026450067026364e-03
-5.296608150631487493e-04
-1.299864080340826082e-04
-1.134367135693569069e-03
-1.083624839624575424e-04
1.956623318444665493e-04
-7.295436985803657867e-05
-1.942441740128582871e-04
1.388030284018483974e-04
-1.987912828747341495e-05
3.499333821666853134e-04
3.484916669220973896e-04
-2.858780261046322798e-04
6.661664051977808643e-04
-2.745768670704336288e-05
4.135680314812460040e-04
-5.418259951984302943e-04
-1.514761863880710450e-04
-1.128590198000987602e-04
8.030421836117992269e-05
4.732732848769637005e-05
-5.017286210897100489e-04
2.596430602040582109e-05
-2.973259447745599401e-04
1.021843817227896040e-04
3.841404441980043796e-04
3.260655598593977227e-04
2.514406645512905344e-04
1.413034457054330530e-05
7.699959201874847928e-04
5.871594089681854553e-04
3.297254426953480496e-04
4.323415090102112316e-05
1.217966408376790351e-04
-2.486882779268714057e-04
1.126524915367266635e-04
-1.940071041298387418e-06
-1.466383780015173359e-04
-1.561071134089193826e-04
-1.363552095345483813e-04
-2.316617648447807747e-04
1.280891115004820918e-04
1.573044739317645303e-04
-9.480056629789127096e-05
2.639073779907679372e-04
8.881710312732726993e-04
3.844309193743123613e-04
2.269082200301867551e-04
8.620176650459100221e-04
2.622641244142778251e-04
-3.116225123524751491e-05
-7.650650514880955738e-05
-4.691725732109479082e-06
-1.421508490550372008e-04
1.575179126028615018e-04
4.195560294069359446e-04
9.394924739870471719e-05
3.753573384210582577e-04
-2.648995701286913540e-04
1.000679419901492298e-04
3.079407659375810831e-04
6.903853229633144148e-05
1.143224560999086625e-04
2.506231623547516612e-04
3.204321220866850517e-04
1.176781235715585648e-04
-4.379349018495882524e-05
-2.530720976432247423e-04
-3.508560690535495163e-05
6.248632020979838530e-05
1.428099916347340512e-04
2.336430735790276760e-04
3.942609146833992361e-04
-1.162609272300124447e-04
1.047279779135887182e-04
3.836564406719031707e-05
3.792467532673511848e-04
3.379652172032403322e-04
4.615934417521326192e-05
1.736357419606357260e-04
-8.122720453438205272e-05
1.378870062709352986e-04
9.734288642470492292e-05
-5.895032829426723539e-05
-1.241797418543984748e-06
-5.499465784628566043e-05
-6.396196642566241686e-05
-3.206868529004880001e-05
4.155072371556483278e-04
7.336990553329299529e-04
3.637803953225353035e-04
3.530927321371366695e-05
-1.511048540411652572e-04
-4.556014208401458168e-05
6.361230940195222510e-04
6.307492463885859676e-04
1.292771088561803520e-04
-8.196697908720865450e-05
-8.208054560920352864e-05
1.889510353399146976e-04
1.245523879624019193e-04
-2.093463194376005685e-05
-6.971727755002581421e-06
5.073785040829046424e-05
1.716030410475813505e-06
4.752839378251230435e-05
6.285781503555346343e-05
1.075519791409451360e-04
8.826770564588287205e-05
-9.620064107012978180e-05
7.409589329057351959e-04
3.188409235766050359e-04
5.644681053579029477e-05
4.625764138227391890e-05
-3.053663093292735027e-05
2.952691342994320572e-04
7.159746933035070248e-04
9.473044386772243970e-05
-1.814675897305315278e-05
-7.902942517482297992e-05
9.030049233886023187e-05
-3.980096337891156214e-05
-9.489298256361773404e-05
-9.078785826708264477e-05
-3.892061003178471013e-05
-1.179909437264585389e-04
-7.555899912434158050e-05
3.851229072022047498e-06
-1.756396457236123469e-05
1.016426039300098700e-04
-8.118499748261278454e-05
6.729645293338518868e-05
4.994069884105252428e-05
3.149312216835764951e-05
-3.989215509749822976e-05
-1.548278657896700868e-04
-2.745793143677329983e-05
-2.147351974645008086e-05
-3.249320969363513192e-05
-9.102652863717082749e-05
-1.915269180437135951e-05
-2.517710317774155096e-05
2.160363969950378666e-05
4.413487454129035248e-05
1.280865617531323395e-04
-2.501875133972288656e-05
3.490293931889910993e-05
-1.972812806958716336e-05
-2.705295474998382292e-05
-7.048756808874220359e-06
5.431633257509518749e-06
-8.144133267455856359e-05
-1.668853922991100794e-05
-2.091188357222058746e-05
6.509848609139500604e-05
7.356787343023881538e-05
5.956178902528512552e-05
-1.605439081571853149e-05
2.196062831342648444e-05
6.803761698415298299e-06
9.540552287079650750e-06
1.044993868929045241e-05
6.435531872156307269e-06
-2.272752373436733097e-07
3.632222347288765807e-05
3.879966049853311900e-04
6.650027837405095982e-05
4.924320226206080819e-05
2.380031815520850362e-05
-2.959837272799859518e-05
8.410884673922508668e-06
1.360612681160073634e-03
7.242741892441281921e-04
2.634085932577460119e-04
-8.973684235433637159e-05
-2.059655616417362491e-05
1.598864643806356721e-03
6.677502637563641295e-04
2.984289429913143234e-05
1.211116100109541875e-05
5.433435028555932706e-04
6.426264033211694950e-05
3.034718232049209732e-05
1.114201404265697734e-04
7.831289072626449355e-05
1.430327925571577290e-04
9.238724974779776832e-05
1.169192440281737388e-03
2.479382434223769923e-04
2.122324272558790971e-05
2.326438825665969143e-05
1.908434605385435660e-03
8.271963208233022637e-04
1.011638134655810421e-05
-3.488230302172440757e-05
8.925127260350621851e-04
2.915934797726080265e-05
-2.852301374063743019e-05
1.698460790210002736e-04
3.394456254435110690e-05
3.027161129210926898e-04
-2.304459447878824435e-04
-1.168317679436818509e-04
-2.820277612599595584e-05
-5.571432389130926940e-06
-1.819872875613231871e-04
-6.248306962330674478e-05
3.978689459697359370e-06
1.005990884622621638e-05
5.297083160063658139e-05
2.109621401226933731e-04
1.602011912650703844e-05
-1.260676961602252181e-05
-9.511739342015923068e-06
-2.389864276524942261e-05
1.635608213572970626e-05
6.721304541552791429e-05
6.454136448339399155e-06
-9.354433280663105018e-06
1.151069750669386040e-05
1.087932762653897153e-05
3.432310562968682028e-04
9.082604166970380754e-05
6.151968176432253256e-05
-2.172637958903471609e-05
-2.100991339058834472e-05
1.894571456855525962e-04
-4.702995159313968460e-06
4.962380771513393550e-05
-1.139649900451072217e-05
-2.198707892343200357e-05
2.158466583315665137e-05
4.843605233402678952e-05
-4.632291072373062943e-05
2.091943296159677834e-05
-4.719158193748163119e-05
1.965967466164849381e-05
2.116803562795522263e-04
2.652412122392983581e-05
-3.799382733614885629e-05
4.179472597347131768e-04
9.318622572409471477e-05
-5.770650587255338676e-05
1.456540424269237618e-04
-3.258262752211485181e-05
5.593599536652871435e-05
-1.559513337065692796e-04
-7.267808754780004832e-05
-2.424230508970974087e-05
-1.064304070129055253e-04
-2.625554252888631974e-06
3.288486737862667908e-05
-1.399808101417658924e-05
-9.946471985166532496e-06
1.280201849944723580e-05
4.187490143736798706e-05
1.103648500159480931e-04
8.812720780503060744e-05
5.269624337713466690e-05
1.512030734994194741e-05
-2.659332816880765067e-05
6.408345176072767935e-05
-2.431052786240300479e-05
-4.043984619833667228e-05
2.547380829049617851e-05
-8.594493866362760861e-05
8.779974603085408124e-06
2.101563747402507577e-05
-7.686750955266547782e-05
1.644142142958607213e-04
-4.754824589352763231e-05
5.484692739507185247e-05
-6.587767618566851293e-05
-4.452172903037006001e-06
2.006548526043472515e-05
2.836093326228155838e-05
4.932100229666178001e-05
9.400802778193556402e-05
4.363712540861447838e-05
-2.200502328697067625e-05
-2.645547415265277913e-05
-7.711492937003404954e-05
5.440098364034045864e-05
-8.467587884584739928e-05
3.092740064844181529e-05
-3.312899887380368983e-05
-5.583778479991758880e-06
5.367899150431059704e-05
-2.163016453069773227e-05
5.513739348253541108e-05
3.547921672493415537e-06
1.096465264466661948e-04
-3.688477022658363585e-04
-1.781765387585895223e-04
-3.836735674288456883e-05
1.527462230164476460e-05
3.644805605240180902e-05
-1.649204763934280561e-04
-3.920328283658223371e-04
-7.773365168257089918e-05
-1.277080485687715303e-05
-1.093685441927777618e-05
-1.058081040005768550e-04
-5.587252223385586711e-05
-2.260113089762909314e-05
-4.204557688125264847e-05
-5.409388217411115071e-05
-1.233015056743418745e-05
-6.694731327181494031e-06
-2.819285191570775452e-05
-2.927413648862839428e-05
-1.109529570141280509e-04
1.259783322854227107e-05
-7.776028381250010011e-05
1.312648958216781007e-05
6.536828227705767335e-05
4.924541748702790289e-06
2.491310205551172164e-04
1.623316485863129000e-04
7.712041378448881708e-05
4.532168825497933024e-05
1.447183425212960272e-04
1.015377542908997468e-04
-2.642973598285846181e-06
-4.159941966721997410e-05
-1.348077700166240397e-05
-1.023531584460517712e-04
-5.336083408275029978e-05
-3.001127688169014679e-05
-4.859420655357295094e-06
3.931637095031367330e-05
1.868207298059953845e-05
-1.138638745434719157e-05
5.371466112886178114e-05
1.654321110196532596e-05
1.504467294684931913e-05
-5.256777944352603895e-05
1.115805818527590170e-05
-2.339216250458244504e-05
5.148363489544500950e-05
-1.230318150834104135e-06
2.006752600197468623e-05
-5.501223007766961137e-05
-3.780147234637534226e-06
4.440103195700697062e-05
-3.594244697826217186e-05
1.990547446978989451e-06
-1.050831065639526592e-04
-6.587941094485392970e-04
-1.989029362175315739e-04
-3.153093042410132143e-05
-3.787057179699201298e-05
-1.144048687276055885e-03
-5.151728810375925385e-04
-6.824295574395102361e-05
-4.858498754641355557e-05
-5.628686590361018467e-04
-7.927888320440206501e-05
-3.480709115969979472e-06
-1.276239044346707055e-04
-5.035500103034390256e-05
-1.777136196876098718e-04
3.194102809833680354e-04
1.981127996037507146e-04
7.513526144643267767e-05
4.231114100280117115e-06
3.974865675272020002e-04
1.482669100385310839e-04
-3.422189694899207933e-05
5.047886614901877996e-05
-4.594709157408939354e-06
-1.761310307652894840e-04
-1.428719401645607608e-05
3.446697716524675398e-05
2.257574532272436520e-05
1.995691590814724481e-05
-1.080196827761858742e-05
-9.896804311326638012e-05
4.430506647044924520e-05
2.597198821794037644e-05
-8.276863340031667075e-06
-2.291478019838758695e-06
-1.617405633456335491e-05
-1.566998494659933405e-04
-3.243842455713975300e-05
1.503762592217208452e-05
-2.236242293771867177e-04
-8.112326884709813708e-05
1.988236825153059470e-05
-7.953513403818746725e-05
5.472352388590249811e-07
-7.835957474558845619e-05
1.402386539492028348e-04
7.815771734941695937e-05
1.548279530190203759e-05
1.522808939321313067e-04
-4.986166219061520184e-06
2.337168959703987540e-05
-3.487438891762756641e-05
1.421586644953944932e-05
-4.182229149225517232e-05
2.572141787867218308e-05
2.473396449110738588e-06
1.087483611242051477e-05
9.759152916413486813e-05
6.172669737516120907e-07
3.646285116985481772e-05
-3.838445480688359811e-05
5.425378188465620620e-05
4.754396514547363295e-06
4.606303253424277634e-07
-3.246703453256988427e-05
-6.268086978225925766e-08
9.138638217842524111e-05
1.804772656903417370e-05
4.945176663099729578e-05
-3.378745496257675444e-05
-1.417064755934539775e-05
-5.568285865918788056e-05
-4.067429453442204286e-05
-4.489074407355994682e-05
1.152600725698254415e-05
-1.755395718453636787e-04
-1.333989384282099086e-04
-9.773076397745601924e-05
-3.326627618445293508e-05
-6.967522408315419914e-05
-8.113041835632215043e-05
-4.059136448198644701e-05
4.713037610319546690e-05
2.686698092597072999e-05
4.901635469543179130e-05
-1.966708971400831689e-05
-4.056499878707595379e-05
2.110760083061830693e-05
9.884383308590099671e-06
4.319567614895625777e-05
-2.787894061260263551e-06
1.663857113279345909e-05
3.015178361129471478e-05
1.802810472216387398e-05
3.378752344475123478e-05
-2.832597703473212176e-05
1.949417339174908226e-05
-1.117936437255304559e-05
-9.223553840306384876e-06
-1.286273264392783358e-05
5.098393724456621429e-05
-4.130897854167557098e-05
-4.187275188962043157e-05
5.686072450468231641e-06
-2.831141827019696491e-05
-1.727410481612707258e-04
-1.595826314795211712e-04
-4.308962294291739716e-05
-3.001127516681663382e-05
-2.875491521643056317e-04
-1.020860917714665905e-04
-1.751781849085353918e-05
-2.450140210031314061e-05
-2.481289641886515562e-06
8.403940380444594870e-05
1.294581332336750551e-05
2.259748069774904418e-07
1.505545953242876241e-05
3.360592504317518492e-05
1.633923480929752513e-05
1.512507597415518326e-04
-4.446620467566504677e-06
1.498480749031031893e-05
1.077985493323699538e-05
-4.417457338097217201e-05
-8.934457306360505031e-05
-4.236659264432162541e-05
-8.564132897030258656e-06
-9.059384392782947955e-05
-1.373683087105827014e-05
-4.753455970908347254e-05
3.499927013792255106e-05
3.695439353822358180e-06
2.018964115897355533e-05
4.164409512054300829e-06
-3.720361051299190256e-05
1.408562237057538262e-05
-3.171221759142253834e-05
6.086273007774609605e-05
-1.064955490694420051e-05
-5.601819081606895762e-05
-2.882728745539197808e-06
-7.219160288714015950e-06
-2.144182564502801044e-07
-4.223914772158577746e-05
-4.153790316228964487e-05
-3.431169912719774786e-05
-2.313280680632096890e-05
-2.067461823975527048e-05
-2.122113001874094063e-05
-2.994244966998985149e-05
1.398791864280991852e-05
6.429577258210351009e-05
-1.215272163773601758e-05
4.727720777036713572e-05
-3.385470729445316096e-05
7.821597643188639133e-06
-5.317956896141383429e-06
1.059693294487655141e-05
-5.073057581979097520e-05
-3.928168638966377397e-05
-2.103864325305409801e-05
-4.546662642696557195e-05
-8.249131227724336391e-05
-5.153883472684319528e-05
-6.205215811079024292e-05
-2.940964102421866344e-06
1.297548406202983981e-05
-2.763998282514868596e-05
-2.374833978179007285e-05
-6.284723784569142815e-05
-3.159775568639737838e-05
-7.319414770987902751e-05
2.537318874973700016e-05
-2.375601938824973463e-05
-2.152785135346684919e-05
-1.014379691110295484e-05
-3.453888323096378302e-05
-6.684049580748302515e-06
-6.812343874127059365e-05
1.428020679988757012e-05
1.887529288943346856e-05
2.255714316530630848e-05
1.335381062377906876e-05
9.731221646556286411e-06
2.308565622251733862e-05
-3.182413836467174942e-05
-3.165036964298276407e-05
1.321231333768170154e-05
9.810926487478181863e-06
-1.722419179404336075e-06
-5.297887816842746856e-05
-5.631341907474159153e-05
-1.099769027565890963e-05
-2.724701509365315280e-05
2.236323952659056074e-05
-8.452909213225307650e-06
-1.093946463337161619e-05
1.616297986118203647e-05
-3.085126888946726640e-06
2.008203905246067915e-06
7.508173843040028708e-06
4.899690152857286842e-06
3.016604259129764115e-06
-2.033905954334599528e-05
-6.312318048526433282e-05
-6.710049320972053292e-05
-1.684027326787407622e-05
1.012672632100266481e-05
1.663221773666942596e-05
7.839814170754470921e-07
-4.596451711944394783e-05
-1.060962650016155902e-04
-2.027964738604013108e-05
1.160815824714051592e-05
1.015195092315819560e-05
9.573381855818866175e-06
-2.336277551001739685e-05
3.043217852930720119e-06
1.132119482046537554e-05
-6.962290126971489401e-06
5.293233458429732447e-06
-6.520617389702950695e-07
-9.926385581382568836e-06
-7.545160109350641377e-06
-4.667585437473103907e-06
-5.530815723593227168e-06
-2.886098144160414732e-06
-3.569087756487179793e-06
-6.713906735011854834e-06
-1.094800766084364342e-05
-7.430912034695862665e-06
1.504933073003298128e-05
-6.500031626949053084e-05
-5.201695541736665233e-05
-7.961401700039863428e-06
1.015813451961882846e-06
-5.521487626061383839e-06
2.563726771374609990e-06
5.404211286175832535e-06
-1.101885554099499070e-04
-1.001409218858165965e-05
7.001647702575456868e-06
-3.908483250535154833e-07
9.042926349057622839e-06
-1.546196659451252745e-06
3.650079027293877664e-05
2.922115317666680915e-05
-6.184079674338401911e-06
1.058839468936939936e-05
1.090223983374384947e-05
4.852182406148641387e-06
-2.902275981415807360e-06
1.010521179231456923e-05
-1.539564649756507604e-06
5.447916756863224168e-06
1.134996816865929858e-05
-2.767058631965647749e-06
2.710782126417855025e-06
-9.111281189064919744e-06
4.591220260399971066e-06
-1.283920310311679204e-05
-6.356231113328419993e-06
-5.683681669687998908e-06
-4.137653375768123527e-06
5.928176936728233643e-06
1.752699690780036733e-05
1.008696262497494688e-05
3.745292224516300585e-06
-4.406011430583501513e-06
4.577419565012502345e-06
1.551610298847320662e-05
7.796049172100867700e-06
-2.332905489226295484e-06
8.742191343978208666e-07
3.163043821820197749e-06
-8.679394283579877464e-07
-1.861160008167266614e-07
-8.896761400096411668e-06
-7.936642745388728732e-06
-1.335242483670337715e-05
8.257346979043794958e-06
1.109018771216722197e-08
-1.975155051619206343e-06
-8.774305956330306857e-07
3.983727601746862974e-06
1.052525025450783015e-06
1.425529640609216269e-06
8.604680273658526485e-06
7.071523168361887362e-06
1.318716409362779012e-06
8.735102102572885991e-08
1.080136380437258356e-05
-1.791909171993154674e-06
-6.155914750032582965e-07
-9.661027891509214158e-06
-3.250438708303873976e-06
-7.522844930215466897e-06
5.250806797010689312e-06
1.893979668057446975e-06
-7.089389160145285532e-07
-5.758101811849096196e-06
7.804847295580463572e-06
1.819109550910372374e-06
1.084884744810616580e-06
-3.729667659644407152e-06
-8.958266593700133401e-06
-9.544186356086658337e-06
-1.283127150895405795e-06
-1.662800211944278905e-06
-2.590907863211945730e-06
-9.276532893786982577e-07
1.697108321105191571e-06
1.836767307623084028e-06
1.271841504848587823e-07
-3.876252768580049254e-06
-2.362887356387441664e-05
-9.281382048409760529e-06
-6.460400389043795463e-06
-1.036836999930389999e-05
3.305972836091632362e-06
1.482110512904808409e-06
-1.847944110420328078e-06
-1.450814363334097269e-04
-1.059019852033547847e-04
-5.145087567807163684e-05
4.238790749130799017e-06
1.220408413177194507e-05
-7.707736416648185696e-08
-2.481339617317396468e-04
-1.364340228245863255e-04
-1.895851350905727089e-05
7.037321512840582420e-06
3.020873629036094409e-07
-1.212456258718207415e-04
-4.838590255818790801e-05
-1.448801469509289503e-06
-1.078947974679262103e-06
-1.116656750863117108e-05
8.953181175668765651e-06
-3.448998814115832675e-06
-8.270228578992782056e-06
-8.865054120191710296e-06
-1.653815951954904561e-05
3.862312780622018945e-05
-1.582007485128503037e-04
-4.634432078375870940e-05
1.206893774980939018e-06
-3.879274719303511969e-06
-4.572778341798798411e-06
-2.239630273763920166e-04
-1.608887053515641388e-04
-6.444280703549621740e-07
-1.348090004272491146e-06
3.465472681628637366e-06
-1.707072870083374289e-04
-4.335579528915591523e-05
-4.620979190071329065e-06
7.473179666335538139e-06
4.849800236005837049e-07
2.414128583462072064e-05
-9.030835290814311542e-07
-1.329995235434845611e-05
-4.338703863431660481e-06
-3.864498954094703779e-05
2.851361332839631667e-05
2.228594519920795220e-05
9.554150872983469228e-06
-2.157879518549718184e-06
-1.137515767252492933e-06
3.873350972373152903e-05
9.074612780414341936e-06
-3.666114966990936869e-06
-9.127943236339556895e-07
2.331051744072522495e-05
6.967068525940807786e-06
-3.310035386453190477e-06
-4.880203812229050569e-06
-2.055794711155377451e-06
-3.415014873046340723e-05
3.682137844696310664e-07
6.653553470905131897e-06
-1.020363124869503741e-06
1.753767738054970229e-06
1.102144727803418098e-06
2.202785654912064912e-06
4.852163435830040116e-07
4.405380694067813089e-07
-5.715296384628563407e-06
-1.342159325523076751e-05
-5.973319410316447220e-06
-1.366364475611089744e-06
3.316212943317349525e-06
1.310024630558068439e-06
-1.790056514413458841e-06
-2.467727717734393407e-06
7.885721637857372866e-07
-4.339460136735774685e-07
3.175886705888905707e-07
-1.307635295453767124e-08
-4.025025360858471712e-05
-1.202097998356683498e-05
-9.425910078790015098e-06
-1.447833544603908293e-06
5.170401854839521278e-06
3.955361775506195574e-06
-4.571436737494681194e-05
6.762261960326909514e-06
-1.191562891708395925e-05
1.500417425553914934e-06
1.288994017526249993e-06
-3.699213951455169229e-06
3.260871170776115655e-07
-8.404901205661341956e-06
-7.738738525348282167e-06
7.124689057124120140e-07
-1.864112683770697305e-06
-1.555934374933379031e-06
8.670822972454981164e-06
-3.469969513948239484e-06
3.072397242105415325e-06
1.047599242213689152e-05
-3.769228860390309572e-05
-1.222054707592771613e-05
5.895008676398683816e-07
1.390741763096265785e-06
-6.609880300403841557e-05
-2.317481456435787176e-05
-4.455686136439539865e-06
3.432360124964142596e-06
-3.496788607020008094e-05
-5.583876480379265182e-06
8.560200167799533966e-06
-1.394390770766347045e-06
1.118190575199717826e-06
-5.841575720453903907e-06
1.858482785825955500e-05
1.108156112239731025e-05
5.591194255277301597e-06
4.987630357299748243e-06
2.721040498387323459e-05
5.121197116742450960e-06
4.047264504943954029e-06
6.721121408332012834e-06
-2.710700020362286381e-06
-8.105624700883829091e-06
2.238529035840398365e-06
5.403675229482517681e-06
1.755160851599389701e-07
8.866170943624868985e-06
1.045553149904473828e-06
-3.458206722340116990e-06
-5.740210354455909960e-07
1.748431990203786663e-06
-5.462194040175628431e-06
-4.602816201955589545e-06
-1.431130323167829812e-05
-1.312581227073349370e-05
-5.423345148457934919e-06
9.888812187195237268e-08
-2.225729739814103819e-06
1.014448960421300338e-05
-2.964924171977281090e-06
-6.631613278511736068e-06
6.259212620834819339e-06
7.063856113826061020e-06
-4.955161359570129958e-06
-3.737270533950443317e-06
-6.433398196447772232e-07
-2.264198746376557565e-06
8.964436818523248283e-06
1.976109618238266102e-06
-4.257085416522714097e-06
-2.812466039801949105e-06
5.474256587793287442e-06
-2.161538976614064316e-05
-9.626609218958648658e-06
7.858415631696343736e-06
-1.667891351214449830e-05
6.388677752757310243e-06
-2.154842141368549940e-06
1.080940166591187312e-05
3.469428937219977018e-06
8.516472482717107018e-07
4.041862957647231311e-07
-1.165488904750298275e-06
-4.934564030966035264e-07
1.467089163795997595e-06
4.487510101048440467e-07
1.681909631705182075e-06
-4.199605420348682978e-06
-1.060818545347217851e-05
-8.945762839394525451e-06
-6.768007243483675669e-06
-2.308917863633931881e-06
-3.633044563967897099e-06
-6.434833487207561850e-06
3.168657372367515945e-06
5.855702797753725902e-06
-7.558132225082340927e-07
9.527951941205196407e-06
1.716554198800339287e-06
4.223416221736021185e-07
1.038553623238657658e-05
-1.447222014818746018e-05
5.442868955827974019e-06
-6.570160079050650803e-06
6.637390742350212393e-06
-1.533421918849176098e-07
-3.480290811933895933e-06
-1.740847656500472165e-06
-1.205650616390676329e-06
-8.859764117505110765e-06
-3.554613682731872995e-06
4.966959737168206345e-06
3.533460810599296626e-06
6.907793967073611387e-06
-8.415190064633270501e-06
9.055520888652186906e-06
-3.192032497883632111e-06
3.899852409329075875e-06
2.500823798955063088e-06
-5.073552114891310481e-06
1.554727122462556899e-06
-6.120931982615551013e-06
-4.423231493218909371e-07
-1.552160024791980188e-05
2.920735835133677044e-05
2.733216520874709218e-05
6.336519298206174317e-06
-1.790252737928923678e-06
-1.529339866113646515e-06
-4.330306491923229283e-06
-5.643093919074659056e-06
5.818958111354624114e-05
6.291264560337527799e-06
-4.807505110894611036e-06
1.457183027784627952e-06
-3.958418029747124189e-07
1.267255520167180304e-06
-1.623495589020889301e-05
-8.933814072159240637e-06
8.008230065020482892e-06
5.770573651118975616e-06
2.768583394612953019e-06
8.277804993702758224e-06
9.587640657900179080e-06
3.114410831582394652e-07
7.744708350649289453e-06
3.617978807828500094e-06
-2.667498577839718503e-06
3.311195391649449873e-06
3.815803283691822743e-06
1.090993736575138625e-05
2.118843304780305711e-06
1.750126638726891664e-05
-3.501578272935343567e-07
-4.423970164913185474e-06
-7.330488388488258768e-06
7.057946105594029149e-07
-2.288134349380900530e-05
-3.214667774047160018e-05
-1.815944119352270146e-05
-1.839529983980317128e-06
-6.143499798362996852e-06
-1.662806286372009971e-05
-1.896009263730320500e-05
-9.191793017223182594e-07
1.013766069972407785e-06
7.701155066259907728e-07
-2.141239738704642345e-06
7.670453262759968072e-07
1.483648219602597380e-05
3.881759170780726102e-06
1.220948297215513262e-05
5.012747376610806683e-06
3.329191748229426030e-06
-1.278972888609210413e-07
1.305438305573847419e-06
-4.303129310872151026e-06
1.351770488283281921e-06
-2.911930259973926731e-06
-3.872158691083509966e-06
-6.679076597466266068e-06
-4.787412871472058130e-06
-1.984834981566715211e-06
-4.421495241066896050e-06
4.792715391007146743e-06
-2.834279953034795406e-06
6.465739975820463690e-06
2.143607419515281929e-06
5.458280054241988599e-06
2.606632458910617975e-06
-4.879793527785480948e-06
3.418271117024276809e-07
5.289045836740546009e-06
-4.911115709547774088e-06
3.107469699976023133e-06
2.820368071008051511e-06
9.635742452458948885e-06
-5.750937525389284411e-06
1.524630617953614232e-06
-3.830721980409888689e-06
-4.743588611944287654e-06
-2.983727515468187174e-06
5.920344930821702450e-06
1.290976227505797315e-06
-9.071943828530030523e-06
5.275401142639091907e-06
3.768886154742065653e-07
-1.606754684743573250e-05
8.692772062393048550e-05
2.913322379078580953e-05
5.980551715418160090e-06
3.096662736826989463e-06
4.471525214350341795e-06
1.354993370682482025e-04
9.122880453326324003e-05
6.800068353242278731e-06
6.617015332519514585e-06
7.800147589755642981e-06
1.047607900757299032e-04
3.305724640386729305e-05
1.075859805812456990e-05
-8.825629366219155641e-07
6.262215480149553179e-06
-3.669098203190510090e-06
6.712571308808492108e-07
9.921336958054637658e-06
4.737966334133113190e-06
2.167983674852624827e-05
-3.655954572490500369e-05
-4.098885515123813940e-05
-1.726518481348816389e-05
-1.242466119152527113e-06
8.403599259652774049e-07
-8.055500530200612524e-05
-2.566819812514039404e-05
3.489500049727156899e-06
3.732485603391727987e-06
-4.874317276165863425e-05
-1.581242601418330823e-05
4.921034322176307971e-06
4.518681055054684476e-06
-3.326136142885706180e-06
3.050063385911641191e-05
6.225336380083375751e-06
-4.356350203037417903e-06
1.542815292592741019e-06
-2.275442341846382447e-06
-1.327007725137813919e-05
1.687576075620308357e-06
-2.905767295346941559e-06
-5.590235554301153539e-06
-1.157073276373692457e-06
1.989747747187747508e-05
-2.374761047827260608e-06
3.428179142595877508e-07
-2.838724672799555643e-06
-8.746672736236174632e-07
-9.454638834694039019e-08
6.856761360579975059e-06
-7.572342776475114823e-06
-2.529414269019396913e-06
-3.198256589411002741e-06
3.834400187835557259e-07
-6.742170084980224552e-06
1.844670563601380541e-05
1.162694711257766569e-05
1.017192173211161568e-06
8.197486034947837940e-07
3.611224516005979030e-05
1.559544368614437261e-05
6.442134053984451636e-06
-1.951599825089769590e-06
1.807503510499827324e-05
9.285087707815904305e-06
-5.116535119753487553e-06
2.577808436433997464e-06
4.900079605012231498e-06
9.670849750081774319e-06
-1.715914811144577935e-05
-1.593881567531224512e-05
-6.541540143274456039e-06
-2.805809358351802591e-06
-3.312271130079896765e-05
-6.242355349312309800e-06
2.244055146036146244e-06
-1.085978403487098458e-05
-2.154556665436291335e-06
2.675488656554892110e-06
1.134382283433667543e-05
1.198570446697183920e-06
-3.135762113916538146e-06
-5.966698264921317348e-06
6.548640176958024033e-07
6.304619510421769468e-06
-3.909199962713243517e-06
-2.901279013136432090e-06
4.686773410461141321e-06
-1.335480361959031645e-06
-1.775637421899389005e-06
8.415851438394881246e-06
6.195786927523939162e-07
-5.549603868457623353e-06
4.123353191473883926e-06
2.474201294887179975e-06
-4.999590579427210576e-06
3.410146201644870280e-06
-4.676144663824755898e-06
5.358170307071722274e-06
-1.069924945470169905e-05
-4.257520552815779457e-06
2.247303699893151811e-06
-6.348394324215189799e-06
2.411037019225173553e-06
-4.956758093748916933e-06
5.985278363795041716e-06
-1.577494642645799283e-06
5.555510172724749821e-06
-3.490157656606972991e-06
-3.274388284406338860e-06
-5.197005278152284081e-06
-1.473016490992386952e-05
-3.707312166643718720e-06
-3.554799171233077102e-06
2.309047968528050697e-06
-3.529856559449438583e-06
-1.501076273632980494e-07
5.626436409607431333e-07
6.202346530415109580e-06
1.298385762610422923e-06
-8.943144107859850241e-06
-2.572970607484107674e-06
-5.017945384857200885e-06
4.552898703129910415e-06
-3.513752194174211959e-06
1.879695456617963274e-06
7.454158001499730950e-06
6.406555835978889489e-06
1.984200370912673618e-06
-3.376321512304351934e-06
1.336586507719033387e-05
2.286725857561930367e-05
1.577406631721009719e-05
6.198578990575263754e-06
3.214671313855690813e-06
1.283695716044693069e-05
1.156576541201180232e-05
1.072115890597208323e-05
5.227353370530796758e-06
-3.192157496481129630e-06
9.678175647749583293e-07
2.026380082148478255e-06
-9.158236041352414431e-06
-4.278748792708894759e-06
-5.055315544408290384e-06
-2.223126598722315045e-06
9.026654019570374703e-06
3.233536227264329608e-06
-3.763856729403974287e-06
3.810743552111315597e-06
-1.059838885007679289e-05
-1.912228368935135888e-06
5.388349245908759791e-07
-2.466008159378000559e-06
-1.449498836573548396e-05
-4.653228877810214345e-06
1.314148534653732327e-06
-8.503457846366621866e-06
-2.640498490680816484e-06
-8.052056621305995348e-06
7.366891212157511311e-06
-4.071003669559203594e-08
-3.611317294869835390e-06
4.074839342339985923e-07
1.129447174973158441e-06
6.225574005755967367e-06
1.918936615079370275e-06
-4.677864735009802088e-06
3.611218797850407570e-07
-7.369353876701031666e-06
4.008119805950196856e-06
2.358991506592150661e-06
7.857187800040276340e-07
-3.446812305142198868e-07
6.022807536169751946e-07
-5.145654005437540420e-06
5.087002923027051981e-06
8.144513552574870823e-06
-1.863258899455083009e-07
-8.941440791086599918e-07
1.649146196243875658e-05
2.651886647794094069e-05
1.408960662422704046e-05
4.821514377356974917e-07
1.530741883187214196e-06
5.390190368850522335e-05
1.817486650714492902e-05
3.293549252538608598e-06
3.099144054092729817e-06
3.078595814283238572e-05
3.625158332424200957e-06
-4.477157671800827689e-06
-6.362255802449647891e-06
3.496749641732317888e-06
-1.318430642942387778e-05
-3.429712860767625749e-06
1.547974367718718172e-06
-6.462010792887810278e-06
9.471456001738703816e-07
1.245670064214511209e-05
-9.305361978908564618e-06
2.163879120749052631e-06
-5.647006006535862130e-06
1.987959437812926733e-06
-2.504737189219831349e-05
-8.058803916350762958e-07
-1.291564826341893054e-05
-1.069453529820499826e-06
5.751056280227006200e-06
2.105667262291893538e-06
-6.976647997627682523e-06
3.885341727252908950e-06
4.032065470372635421e-06
7.299047098436508771e-07
5.209076588340375121e-06
7.196318648614922117e-06
1.366743806030258748e-05
2.973038085681063763e-06
2.802505290225486292e-06
1.913421949102791586e-05
6.199907527885393816e-06
2.041612361128383477e-07
8.902987658409145763e-06
3.024609658392893169e-06
4.159471705316830880e-06
-7.732221309186454358e-06
-2.678377752246534687e-06
1.116263452293208283e-06
-1.975951200928333943e-06
2.308141263791114211e-06
-9.213842750725497325e-06
2.576316952835705455e-06
7.874275752220451827e-08
1.077027589568866102e-06
7.990149007575155866e-08
5.645554689965190716e-06
-1.054171999752936025e-06
-4.817947719302685586e-06
-8.255442180860452800e-07
-4.705715567271801795e-06
4.911372886458592325e-06
-7.439132146351328930e-06
1.066592651394902012e-06
-3.194344064827090642e-06
-1.335781708330186482e-06
2.581120613865065293e-06
-2.859731665684956478e-06
1.804959290271315879e-06
-7.971324641692174301e-06
2.483535104727285243e-06
5.796098248701756498e-06
-7.482081126208308743e-07
-3.805155296687314347e-06
2.826314814387922138e-06
4.188315781113175521e-07
1.076907943249180499e-05
4.508925768929176108e-06
1.964749140694995580e-06
-4.971963013135534991e-07
8.453237264627109615e-06
5.439795992139518885e-06
2.271909869428689642e-06
2.121466388514304407e-06
-2.487097802481765815e-06
5.166853687947794989e-06
6.861677138829107783e-06
1.633326247109236671e-06
-4.757596696555332447e-06
-7.408661407100947035e-06
2.821072375263663815e-06
-7.557780987721571317e-07
-6.748894147082705071e-06
9.472211037475995919e-06
-3.665965090979589713e-06
1.269348462759975600e-05
-1.883457536959596387e-06
-5.841019156499827462e-06
-4.296005121023653477e-07
3.193947428824100507e-06
-1.664154409562809548e-06
-3.725738247623022911e-06
1.640133543083760121e-06
-7.585855163827353365e-07
-1.331685667096641047e-06
6.453960135942061868e-06
6.014392089103193983e-06
5.056684410910325152e-06
2.159592077578487075e-06
3.293827825643864206e-06
3.995869272532300557e-06
9.784483548638445277e-06
5.468618626052023123e-06
3.696548608887572185e-06
4.502275682543187253e-07
6.536908823836885036e-06
1.821721838192164122e-07
5.178760636014282044e-06
-7.457710799375651993e-06
-4.854270371175768269e-06
-6.357588688741619233e-06
2.663859917457785940e-06
-9.073502311789254128e-07
-1.776109052998009413e-06
1.830804086312687408e-06
3.738694259525175588e-06
9.742989681573590259e-06
3.878629682741363372e-06
3.959552233816318695e-06
9.582031502996873966e-06
4.517968998021179392e-06
5.608325420756832875e-06
4.020360316523874966e-07
-4.296546047349902670e-06
-9.816355279134973671e-08
-6.647376253850147723e-07
7.276836997302542165e-06
4.300512776073709149e-06
9.222796491829424935e-06
-3.759891634453297866e-06
6.993180271301842865e-07
1.780116623815504647e-06
1.583570990935275334e-07
2.772313573079162552e-06
1.947821437769818223e-06
-3.848458624318345816e-06
3.525751580591346196e-06
7.469228896764228906e-06
-4.072588293908186578e-06
4.548557616862228237e-06
-5.418392275042608837e-06
3.280865538318682524e-06
1.936648256743475911e-06
-3.561993930937070171e-06
-2.075460230082348826e-07
-2.270398492520591463e-06
1.394126919272886961e-06
-2.374903730930096487e-06
2.948869472276837954e-06
6.997333706136774633e-07
5.718027044270984886e-06
-4.019013057327166700e-06
-8.595971675814982708e-07
7.061968751017143247e-06
3.930320651361857489e-06
4.815935376284545815e-06
-6.436240389398532782e-07
1.093232290398306018e-06
2.162412606213912694e-06
2.479066645247229577e-06
2.162307334353951519e-06
1.530315931008706087e-06
1.312555116227989890e-06
4.265371657571779274e-06
-6.367361474484654275e-07
-1.942102563473381343e-07
2.293985843765336167e-06
2.065761586832490423e-07
1.368864108925755305e-06
1.636210172601171629e-06
6.342501392044640982e-06
1.039194141257089375e-09
-4.549964746328389033e-06
-2.963247455021012500e-06
-4.234219731590867046e-06
-4.109099669322505822e-06
-2.491319563095044402e-06
1.682765171996919006e-06
3.973977671604723485e-06
-2.113321606145040393e-06
-1.895939314743345548e-06
1.814367839129404409e-07
5.919204439712698306e-06
6.239387181565778105e-06
2.690299430763474993e-06
2.768317886350175819e-06
-3.000254919610052126e-06
3.987300094490854375e-07
5.798974453159177666e-07
-9.977691501814104300e-07
-5.276169946607351017e-07
2.524100663492161162e-07
-3.279529569155891448e-07
-4.047107591453422008e-07
-2.516818744423592075e-07
-2.647592897798379937e-07
1.431846179438063109e-07
2.600637979437802055e-06
1.930270744797162756e-06
3.631298423221339624e-06
-7.030005237958995532e-07
-5.996085719925490898e-07
-7.469455151568408934e-07
9.590704806225190745e-08
4.908873421220312593e-07
4.692036177747978772e-06
6.509599852460096646e-06
-2.634029332567082412e-06
-9.122054561295358961e-08
-1.099231427589004231e-06
-1.677623726092798944e-07
-1.497379986028525457e-07
1.988172272849833322e-06
-5.518671785510020375e-06
1.331901061790137578e-06
1.524242680857316010e-07
-7.023446309625290012e-07
1.123025651531227981e-07
-2.239304384455963462e-06
2.323733549381747082e-06
1.467627171895316500e-07
2.869413971336272684e-07
-6.433626418207865825e-08
2.341134769003260801e-06
-2.584030933126070195e-07
2.703889802724678215e-07
2.928651580553393753e-07
-5.038434444286761648e-07
2.697507258553103910e-07
2.346544505695917482e-07
8.342088484853093339e-07
3.743393128075386544e-07
-4.417797172840022147e-07
2.356732215525540211e-06
2.642209771650059098e-06
1.577299974903728920e-06
-4.330675288791765032e-07
-5.850196893767846240e-08
3.462950566951842751e-07
-7.859997865661102237e-08
-1.852923388368758552e-06
5.131621430912440985e-06
4.945626605051788840e-06
-2.702073952485059655e-06
6.310326555481360397e-07
-3.232147848894381530e-07
-4.828969534333067197e-07
-1.910676424204063583e-06
-2.989553547651694426e-07
-8.011795013185636280e-06
1.125357394291062633e-06
1.274415618823354338e-07
-7.603589848648785891e-07
-1.483859279317986835e-08
-4.819574403495377043e-06
3.275800712840293192e-06
-2.985891654719779987e-07
-5.342626204708615347e-07
-3.325436846700719968e-07
4.034311154071894544e-06
-1.450259092946415276e-06
-8.097548647025465140e-07
-5.680065358302720902e-08
-1.893521608371419276e-06
-4.586535680617564509e-07
-1.968892462949364779e-07
1.478601910553007230e-07
5.386928171003987255e-07
-6.355109147599396013e-08
1.042978748549973620e-06
1.028649863005996698e-06
-1.041463747983255006e-07
4.058289772144907352e-07
1.633960119768788129e-07
-3.763044245514864317e-07
-5.592482287414285977e-07
-1.605866336715210496e-07
-1.712871232148875974e-06
8.111784682970352803e-07
5.345469951822517090e-08
-3.996960617960102938e-07
-5.929622668543597804e-07
-2.238210505959651809e-06
9.273076987450912325e-07
3.736142824326879778e-07
-1.953775391537182683e-08
-4.761828229392135172e-07
8.750375461330514302e-07
-2.944162312591454933e-07
2.952432342034075183e-07
-4.403445743966319059e-08
-7.171912744457426125e-08
1.382205357893401151e-07
1.379709918290452817e-07
4.493443849972663041e-07
4.027272566492888234e-07
-7.052176950011548907e-07
-2.095201248788609904e-07
2.408905292883105814e-07
5.447289389933658235e-07
1.635068240470429457e-07
-5.061236918038542554e-07
6.900442040005395405e-08
-1.277814442754534936e-07
-5.083910817683403228e-07
-2.999077606253708480e-07
-3.511208011447247151e-07
3.423038238623957813e-07
-3.742181740969500731e-08
-4.676739751028444886e-07
-6.252382692928869199e-07
-3.072326176262693168e-07
2.544401166639438024e-07
-5.699667188630518429e-07
6.443192524953128407e-08
2.808026350941943545e-07
5.406745188990846714e-07
-1.606466824845072468e-07
1.331918757692129225e-07
-2.210411570468445095e-07
-4.236547661795792854e-07
-2.686798145429792556e-08
-2.034336692031859564e-07
1.955168010233145645e-07
-5.289276670258326185e-07
-4.252947931790489887e-07
-1.079008051392804617e-07
3.881237955738506465e-07
-5.754822751708280259e-07
1.159944578358177046e-07
-1.015620908591794017e-07
3.218043432159813985e-07
4.989298092056686293e-07
8.716649899762937784e-07
-5.030238638661839662e-09
1.298559027590224489e-07
4.819069195473638468e-08
5.724526261565858102e-07
-2.231629466867862124e-07
-4.284302301282293726e-07
-2.810293894674872423e-09
3.794329594429975867e-07
2.734706417738453522e-07
3.171677624764793876e-07
-1.326191948264562606e-07
2.693307679323244203e-07
1.685837114218089676e-07
6.626264135266808908e-09
-2.024290456282393310e-07
-2.133924124939126357e-07
6.014702796714442397e-08
3.094387694724634155e-07
2.561700446883305756e-07
6.684229568450670650e-07
-7.674304312847782064e-07
1.580167059867073713e-06
-2.726417962378842682e-07
-9.087313503071857217e-08
1.668284177133702422e-07
1.658980686110042812e-07
5.117454854309512245e-06
6.373452591516971863e-06
5.878579932623077833e-06
-3.988254180252498739e-07
-4.470044755053357266e-07
-7.403879078495838984e-07
2.503771573026628249e-07
1.666146934598251473e-05
1.288120668484491083e-05
1.462853158888126665e-06
5.114330726894180036e-08
-6.735887207459522183e-07
6.381959538129007960e-08
1.161441581928891449e-05
6.720266744372629611e-06
1.817780993441378457e-06
-4.859691832015084012e-07
-1.720914579969910968e-07
2.266191199121475484e-06
6.440266003598107339e-07
-5.680559823828008725e-07
3.999825675409004236e-07
-3.331498469582679204e-07
-1.412346562181426556e-06
3.381212632163076393e-07
1.750000807443716558e-06
9.916622072796155146e-07
1.202992586467237308e-06
-4.975243988108253492e-06
8.071696096468235123e-06
5.273813495138257534e-06
-4.830926318695222361e-07
-9.344457182026943867e-08
4.109757054198147036e-07
2.863521294634367793e-07
8.376403372297327961e-06
1.563662274515418473e-05
-1.639675464121806182e-06
4.491938061304954871e-07
-8.611447239101158853e-08
5.407688121852286714e-08
1.408946543288215974e-05
5.126344346320009980e-06
2.326451427077369437e-06
-2.278469673420575547e-07
-7.513178995589131375e-07
3.850518031386116471e-07
2.109753722788274117e-07
-1.147990489017719054e-06
1.836287788817165623e-07
-1.168185024829269802e-06
-4.319445068922168263e-06
6.081743124396407488e-07
4.885835194043497958e-06
1.439767438344904409e-06
3.527431156383153487e-06
-9.324305856648880908e-07
-2.033971139578771628e-06
-1.283550904000693375e-06
-2.331541635167409001e-07
3.120141439066958237e-07
2.867944536663809855e-07
-4.164350472260415418e-06
-1.190528697439882307e-06
9.673969385380564546e-07
1.768580703970081510e-07
-2.546192482619917489e-07
-3.137762096320261027e-06
6.482758805739272531e-07
-3.343349128081067350e-07
2.089763958249074754e-07
-7.554973495094705456e-07
-2.916535975827674115e-06
1.221905125101995643e-07
4.057176309083727746e-06
1.118055477270329610e-06
3.781359973749272939e-06
-1.301490626412259337e-07
-3.238527654231540522e-07
-1.076545165753458305e-07
4.483434195029381121e-07
-1.099251943257849806e-07
1.220234847211008158e-07
-2.083154288268065023e-07
1.695629058155497324e-07
2.296952199637685863e-07
-3.501625281477885802e-07
-4.233689040527314074e-07
1.993964018659468155e-07
1.253139041997666929e-06
6.795992037560895523e-07
1.549050803172641691e-06
2.030997200137887722e-07
-3.218012040363931507e-07
-3.706127010788365183e-08
-5.396344841195864760e-07
1.471353136466940091e-07
2.413826485281404267e-07
-2.361910281092394002e-07
-4.418861727781481573e-09
5.341966090800509531e-07
-1.377531218223312877e-07
4.164240276390010888e-07
4.631220960250602774e-07
1.684088020129910825e-07
-2.645969680918793446e-07
-5.615863516141767208e-08
2.759049865092022307e-07
-3.604041412980494646e-07
-1.547443968004178452e-07
-1.931533495859377457e-07
1.089834749765579990e-07
2.066071226088047829e-06
9.751255270057296990e-07
5.519514298407374392e-07
3.860388709769774479e-07
4.002601889094320438e-08
-4.897946927967094168e-07
-2.943807975281535230e-07
5.024992694071384686e-06
-6.146902936482335316e-07
2.938226398486875309e-07
4.296993855953072314e-07
-1.746180875460272761e-07
-1.570441129070252163e-07
1.745205944615995181e-06
-2.331021012659569709e-08
5.790376773881923075e-07
1.475097012065518721e-07
7.595468981090345998e-07
2.543869799026355682e-07
-2.751721211581104120e-07
1.583200930099933716e-07
1.275964238259031006e-07
-4.641474900319346619e-07
1.249178601309110354e-07
-1.880602424465931539e-07
-8.838884043006343233e-07
2.594335406511716308e-07
-2.039884714306443100e-08
-2.257292404791936786e-06
3.317397227156455025e-06
5.082095223754447953e-07
5.870445695226877777e-07
-1.579350077455739015e-07
-4.495934081244140048e-08
4.219359314112879215e-06
2.928421684195152243e-06
4.667179760829775739e-07
-1.062850946129146573e-08
2.090165070472678628e-07
3.505232986158442523e-06
5.094511171937016925e-07
-1.023025627380786218e-07
-5.860986264863477690e-07
-2.973773357794342000e-08
-2.317876258588192786e-07
-3.460572043893941735e-08
-4.464676265808978070e-07
1.668371262407044570e-07
3.394549386973122552e-07
-3.619218950098492390e-07
-1.033210894266452887e-06
7.965294003919107563e-08
-3.110866361613155601e-07
-3.145229121975251337e-07
-3.560535174912446710e-06
-4.107137721358536302e-07
-4.034462364117603784e-07
-3.706560423149984380e-08
-1.605562696059523888e-06
-6.840441526850724155e-07
5.692884202344661547e-07
-2.589064648310157839e-07
9.923539966266250800e-08
8.080967310968627076e-07
-5.332189278412775883e-08
-2.474747576843357880e-07
-2.393659736255225112e-07
5.490050058333401070e-08
-7.867965748275603919e-07
-6.646646171126764949e-07
-5.470568777393675192e-07
-1.978369934328069438e-07
-1.687412726524109771e-07
1.216480099474881862e-06
-7.846076565309896848e-08
-2.190743689828787199e-07
-1.865354663725614253e-07
-2.572378275255520722e-07
2.569284280625946498e-07
8.506563498608125183e-08
1.049156942405751708e-07
-5.260977194089802403e-08
2.668684535041901745e-07
2.102485327308429913e-07
9.186076370503692867e-07
8.780196811893055416e-07
5.378940693894703526e-07
-2.261386059229537617e-07
-3.587131806616404590e-08
6.731515973270238422e-08
-6.567105172642329122e-07
-3.671461943569900955e-07
1.138758502340373870e-06
-4.191946994884826129e-07
-5.592688274494685949e-07
-1.270137871605527518e-06
1.351931670266281039e-07
9.362587268179711723e-07
1.956495027205679653e-07
2.461308756028852744e-07
6.210529508774563325e-07
2.993327265028519184e-07
-1.560961934520814775e-07
2.343756863928579900e-07
-5.410443789407042351e-07
-5.112886616515899756e-07
2.693420658158281756e-07
8.506845950756373790e-07
-2.787487783579199580e-07
2.214567633342363518e-08
1.720681632588855363e-06
5.059389653473492531e-07
4.881362771236488339e-07
-3.498378034222807443e-07
2.115665433957289739e-06
1.088215754708633894e-06
-1.113577306957931442e-06
3.859523934870780743e-07
-3.591039663378046470e-07
-8.504030153344890192e-09
-6.824579491603736804e-07
-8.081072045088180351e-08
-2.988227458251918089e-07
-3.432080365992890286e-07
5.502657110871940705e-07
4.298075707329041862e-07
-3.348764770697369871e-07
7.627607311530580201e-08
5.117944812266076852e-07
-7.934793065042372701e-09
1.294616770950698045e-07
-4.971715156749746029e-07
1.837790951872358600e-07
-4.783625498731927511e-07
8.453986070489145801e-08
-1.798617613023697512e-07
5.637226093777755919e-09
-1.278000224467804386e-07
5.057588314488993430e-07
2.996256997066507415e-07
7.731057540458467919e-07
7.730743082314794238e-07
3.854099900716381539e-07
1.762485697679514139e-07
3.015524354172626596e-07
9.395350615489776553e-08
2.505090748315210349e-07
1.514826391495557318e-07
-2.607636025169354764e-07
-2.246167751751342891e-07
-3.614528722315625947e-07
1.054902982411494423e-07
-1.550857432172953282e-07
-1.445579253916842433e-07
-5.451290540415675276e-07
-2.183845466877882127e-07
-4.474232642988501119e-07
7.002303649761518483e-09
-4.606323076724048962e-07
3.316672789189567686e-07
7.499842050101364466e-08
-1.317868063241674219e-07
4.458613191991231162e-07
-6.175663920398384792e-07
1.533630084307073044e-07
-9.070158295338536212e-07
7.932208351455391762e-08
1.140147174327552585e-07
-1.457964128864646898e-07
4.212446815038126744e-08
-3.660873327269615414e-08
-1.403017488107336352e-07
-4.231987164225403000e-08
-3.743655005766496723e-07
1.445215189382214179e-07
3.623119853598167047e-07
3.803793817643129802e-07
3.955599637731913160e-07
-4.153235483002859998e-08
2.496621002561107559e-07
6.296145578694539602e-07
-2.958632544061886696e-07
-5.060566722798287338e-07
2.459190301844648728e-07
-5.134201183121547811e-07
1.139901481803161334e-07
1.361383055432978040e-07
-8.069326900120665706e-07
1.148171766443729159e-06
-2.669053702417496475e-07
6.493454193805530369e-07
-1.001511106927559378e-07
-1.030165774154440373e-08
6.910823127681599267e-07
1.477198718028122262e-07
-2.224485042316582267e-07
3.492737605647651842e-07
2.816544570818134355e-07
-6.740605322530215656e-07
-3.668183880550357812e-07
-3.300611816252823965e-07
5.501672425312331341e-07
-5.114324487046501570e-07
-2.278322595585417953e-07
-3.963012902541837772e-07
-1.257415828509393385e-07
3.230962081467802585e-07
1.050277223245494252e-07
5.131533098119816107e-07
-3.587640687835700004e-08
6.683766060007875059e-07
-6.569417217820167639e-07
-1.244754700478503869e-06
-1.060419677998765726e-06
2.834278316511664358e-07
4.420827249967557683e-08
1.079162327593547333e-07
2.446771199780869662e-07
1.326286265717080892e-06
-2.547023755518993831e-06
-2.803469568618798719e-06
1.658603742076061346e-06
-1.046098395895243500e-07
8.024713427239229646e-08
2.254621195146106244e-07
1.385097095434112464e-06
3.038296701161739127e-07
4.508132554473943960e-06
-1.002320661876424574e-06
-1.185267059181321104e-08
-3.900375038926474304e-07
-7.754876688205679344e-08
2.205850287519897499e-06
-2.180912458975388331e-06
-6.884183001825921863e-08
-7.103822146133354157e-08
-3.370154882917589905e-07
-2.818368183878076576e-06
5.738921186646684669e-07
2.923520221999925488e-07
-4.078833744344226386e-07
6.708953779004017049e-07
3.920669923236560167e-10
2.118760989570984422e-07
-4.301110589696740581e-07
-7.364498109124266495e-07
-3.653716670000014896e-07
-1.260168278442107511e-06
-1.225581321833644818e-06
9.518027550221520037e-07
9.828827637908145116e-09
7.738830747838074690e-07
-2.327475700435890460e-07
4.527364894632517805e-07
1.045603179149160156e-06
3.515379645878580695e-06
-2.394671794081497048e-07
2.434605161444208149e-07
3.714199703335196700e-07
-6.267708406925001206e-07
3.392810413290050677e-06
-1.242734406801252358e-06
2.895778536987501123e-07
1.883661411141323586e-07
-7.938174597766987635e-08
-2.327360231115473243e-06
9.579962525012617486e-07
-4.306254589707130720e-07
-2.762128917441244410e-07
6.138988383538212047e-07
-3.133699792044647367e-07
-3.750368516200509482e-07
-4.504200392442145427e-07
-7.066482390607443417e-07
1.210835833854269342e-07
-2.087250831118062261e-07
2.738307303391316752e-07
-4.008868802434994166e-07
-1.547946464271650585e-07
2.291984720904539108e-07
-5.002710500967778713e-07
8.845113625255637089e-07
1.462189599607566007e-07
2.858588488397417904e-07
5.761665402719345800e-07
-3.734059658732641389e-09
-3.008508178573662427e-08
3.779559077271371870e-07
5.240549719789849613e-08
5.145839896670389328e-07
2.918798606292633296e-07
6.443267084545145139e-07
4.335419265251926955e-08
2.232415635033107470e-07
-1.457187283376302994e-08
-1.674045284547354124e-08
-2.723595023794858796e-07
-1.466091915047182383e-10
1.583423408350994096e-07
4.368926866022307830e-07
-4.563157413674733937e-07
-2.295076064557353765e-07
1.538429125127653524e-07
3.298444095100912348e-07
-2.781267756846818815e-08
-7.418955207781004472e-07
3.308978746667980961e-07
-4.749451530731955527e-07
-1.806795122479167537e-07
-3.960032709743334784e-07
-1.560733723475577586e-07
-9.970459710473178484e-08
-4.899874625795932135e-07
-1.650888007810732667e-07
5.561737560900130824e-07
-9.404251007677887773e-08
1.100458295959238030e-07
4.751357434704825128e-07
-9.213579411042599704e-08
-8.219547609607911994e-07
4.623348335143397337e-07
4.039840747614573707e-07
9.568319852125114342e-07
-3.069837555080125919e-07
4.475250354034019029e-07
-2.817229971112467429e-07
-3.267573966698291808e-07
3.854455972866134135e-07
-4.269219747709051476e-07
-5.241103799666089435e-08
2.390261994400860669e-06
-4.486726165374338278e-06
-3.014878455691130196e-06
7.895857074718915142e-08
-2.024984864165751517e-07
-2.411981048228425006e-07
-2.093629205981020022e-07
-5.373964467495339453e-06
-8.959168130612778290e-06
8.558259202548650447e-07
-6.927076959325496220e-07
-2.558764579497508307e-07
-5.845542164055129179e-07
-8.444182168455481892e-06
-3.185142055102749744e-06
-2.203891139950477613e-06
-1.961700405448590273e-07
-1.868019804015526853e-07
-7.887678089643426472e-07
-9.683384532383429489e-07
1.976465223307083800e-07
-2.090558000383529423e-07
3.726387999026921353e-07
1.975604047441004897e-06
-2.732075282941579481e-07
-2.905467413594197235e-06
-9.805274438488141466e-07
-1.998231876864128397e-06
1.157024810718105319e-06
3.503186055331044300e-06
2.345668035085385612e-06
1.067277368952582352e-08
1.592904195217607317e-07
-6.599155300622142328e-08
7.095915239791274479e-06
3.108050253513191646e-06
-1.484094282251127817e-06
1.304059484237947833e-07
-2.600262919903061072e-07
5.905398607070418887e-06
1.315197038181721893e-07
5.770872391434903769e-07
-4.758133066627196354e-07
9.596814289065214144e-07
3.989873200606519523e-06
-5.274866843578731232e-07
-6.145817130317858195e-06
-1.076213973508315204e-06
-4.673794374858725565e-06
-1.088604792353184429e-06
5.813012731078030572e-07
-3.219725054521637086e-07
-3.232855829434158135e-07
8.140980946889999046e-08
1.815642229371074133e-06
-7.597147885745362764e-07
4.364055763802384973e-08
3.085612939570400114e-07
1.349657376997235117e-06
2.306856104453134146e-06
-3.649320223646791849e-07
-3.520168744673194150e-06
-6.107178251041682212e-07
-3.216886591814663395e-06
1.992452096493899840e-07
-1.210368540054895149e-07
-7.523268776411355576e-08
4.995514857377100411e-07
1.882449712799004259e-07
-2.978129271886591929e-07
2.684022793557352592e-07
-8.080090075821629834e-07
-2.357115314259715252e-07
-7.061199608756909171e-07
6.736170430678906302e-07
-4.881792278455884083e-07
-2.523489010169645779e-07
6.752549478148810194e-07
-8.854478664050293632e-08
-3.003921476898521779e-07
5.470950701529086431e-07
5.550867244953239076e-07
2.897411533604634992e-07
-2.452617600374989881e-07
1.149962945252028245e-06
-1.419077687662985763e-06
-2.774564907849794430e-07
-6.360356119656532778e-07
-1.915071991083042294e-07
-7.125675601855928834e-08
-2.512618537394465463e-06
-1.529804553091765908e-06
-2.684620955683391884e-07
-2.398819303612627427e-07
-8.776382975864626955e-08
-1.952440491015689339e-06
-5.573641825129540860e-07
-2.207397521297140998e-07
5.661462815770344518e-07
1.459777510220621464e-07
-6.580835039430878356e-07
6.668899554060511111e-08
4.239984696098868334e-08
-2.883416306552770063e-07
-4.496058042507081864e-07
2.612267654663861164e-07
1.385770418482539405e-06
5.275792274057192180e-07
3.987577641015559091e-07
2.620310678355021592e-07
4.453265623489880357e-06
5.157543910839771123e-07
7.237708653702443908e-07
-1.213548956984843920e-08
1.575976294262253481e-06
4.215990703196736535e-07
-5.662458761574866526e-08
2.869702161909743487e-07
1.569670044612345529e-07
-3.138707051043341904e-07
-1.155744996195062968e-06
-9.852017605130710828e-07
-4.977289355740124160e-08
-1.923400305689127926e-07
5.343624663355204711e-07
1.039510526225735496e-07
4.530377965849730545e-09
9.603910041652374154e-07
-5.497198606944277163e-08
-1.472230776512608780e-06
-7.962006074579867979e-08
6.965520395534554687e-07
4.941751471210012177e-07
2.600949456018448873e-08
2.735684050453524915e-07
-6.907229376580468672e-07
2.773845988253627901e-07
-1.198943806307809659e-07
1.726640139853783465e-07
1.495674048650101246e-07
3.191133937341940533e-07
-2.059670562446480748e-07
-1.134480196476065817e-06
2.734840430073241742e-07
3.091239082172184689e-08
-5.563958799617215914e-07
-5.076028322271899283e-07
-4.790162021447060475e-07
1.345158933001126346e-07
-5.436292561107128236e-07
-4.676458513943058208e-07
2.824703587445782664e-07
-9.072416629462990776e-08
-4.658018604770985596e-08
-5.267154173569621229e-07
8.228919791182266461e-07
8.695590804668320547e-07
5.314784556591332983e-07
1.944172644344165084e-07
-1.775533723627867007e-07
2.838659861094295739e-07
-1.311185198258770287e-07
1.764160960705628874e-07
1.363777278245444022e-07
1.410983958003099886e-07
-7.164717545062491124e-07
-2.948311584095145084e-07
7.068812561807899620e-08
1.031061829804759028e-07
-6.395363255372426420e-07
-4.073697275202683719e-09
3.387698466345009782e-07
3.369163112250114311e-07
-7.519538972245265255e-07
6.154091388892281313e-08
1.713394223517122122e-07
-1.269020760105240053e-07
2.396404917715808685e-07
5.413291909050238046e-07
3.365797891658812276e-07
1.413175504498321502e-07
1.774247233793438543e-07
2.005729211881499563e-07
5.109278347427551587e-07
-1.061818873777568202e-07
7.361537622276848110e-07
-1.547237554001979619e-07
-1.534357658500193401e-07
5.965890570198110859e-07
2.658901964323414355e-08
2.871297208193652986e-07
-4.914756003694893023e-07
-2.907798373081431133e-08
-8.340916111227584936e-08
2.693825022828778934e-07
1.268835433960277363e-07
3.899893466572249043e-07
9.714228582920349808e-07
-3.467183707366232485e-08
-6.712050419562515432e-08
-3.090180328607256633e-07
-7.833048018592553991e-08
4.143642458941538459e-08
-2.276041784418172970e-07
-7.520545309499221278e-07
-1.404795211779999579e-07
3.499784977706398549e-07
3.214678829212622817e-07
5.585738427589427040e-07
-4.054155624594006884e-07
4.919761491124391723e-07
-8.417653801704600033e-08
4.038856724151854503e-07
-8.988000364621153412e-07
4.674621453666357401e-08
-2.891923919853119249e-07
3.963038012400266304e-07
-2.530859049633514983e-07
-8.308859921214602535e-07
-2.249050288477781082e-06
-1.184081044968200058e-07
-4.073624625288493618e-07
-1.193706111051568730e-07
2.630702951854921659e-07
-1.880226408894161743e-06
1.052198049199089908e-07
-8.792533230040864829e-07
-5.072659677856739834e-07
-3.398544358552197425e-07
1.237097984178254351e-06
-1.220277686850967775e-06
-2.570298011308968044e-07
7.334613113854247624e-07
-2.860079320862985430e-07
6.358614316141369573e-08
2.555214914966892245e-07
3.819369458819097139e-07
4.649650292820722227e-07
2.356282826838141068e-07
-5.588169307709666932e-07
-8.457415760433002723e-07
-9.016164751479161766e-10
2.837906043955675456e-08
-2.316788417623773231e-07
1.348092774298062319e-06
-7.897377701360741888e-07
4.287988503728479013e-07
-2.458839654497223086e-07
-1.966193453104485430e-08
1.074102651637456030e-06
1.985627259616668344e-06
-5.314476973341186258e-07
-1.110805715702271257e-07
5.231982931871965858e-07
-1.243151296100506019e-07
7.618584440133566651e-08
-1.671197200579620877e-07
9.060677912144405456e-08
5.601587368854839834e-07
-6.896814811967678626e-07
-3.345866198597200164e-07
3.210364787594163923e-07
5.242501721784116758e-08
-3.472679304895158720e-07
8.704479747049797765e-08
-9.320983490954865618e-08
-1.565599693434305015e-07
-2.248645217267453005e-07
1.141055916759923401e-07
-4.397564610035782926e-08
-3.620250401131767047e-07
4.016706268770114191e-07
1.020358799914052388e-07
2.640543314115727263e-08
1.888443654161368304e-09
-5.977910089163337007e-07
-1.169199016673422022e-08
2.984990606426674660e-07
-3.556181127241967432e-07
-3.076347426055039958e-07
2.070130932531622218e-08
-2.074783701178541449e-07
-2.703687734888228207e-07
3.959507420615084491e-07
2.566503122816750598e-09
-4.411913942468399291e-07
-5.785345295064963184e-07
6.025307172824692782e-07
-1.847239894397101489e-07
2.174712952973726085e-07
-2.620126420673511929e-07
-3.970224864852536438e-07
-2.035041123095210620e-07
3.616855141238449362e-07
-1.746702446212587769e-07
-1.826768386024360152e-06
-1.597064577651536964e-06
-4.363667765120669793e-07
1.290255152345571818e-07
-1.470867651991865937e-07
-3.949205037790433127e-06
-1.686515550459558302e-06
4.234707163544879697e-07
-2.462784072276209379e-07
-2.486180154728997763e-07
-3.570597464410641860e-06
2.645911264627904967e-08
-2.093499075035626079e-07
5.769479785128585562e-07
-3.924726923599358423e-07
-1.242017475752404438e-06
4.175127273473082081e-07
2.886013613986511874e-06
2.439425501026165972e-07
1.988026377912444783e-06
9.069283579042902614e-07
-5.537100079866889589e-07
7.611116613424004238e-07
2.381384973902540433e-09
-3.295849659354669738e-07
-1.944374929596123550e-06
1.884322994012831579e-06
-3.956628764402714612e-07
-2.699909527308104018e-07
1.645894854127285873e-07
-1.852944942828987812e-06
3.013274075028941575e-08
4.846925563499501897e-06
5.591823825099569469e-07
4.565041112968461444e-06
9.414224670965352308e-08
1.211963801902845091e-06
6.336677830774109635e-07
-1.619183851663385316e-07
-6.663092581787402545e-07
-5.083688184082512913e-07
2.399686593970798906e-07
1.682706251213514259e-06
1.831085117852876617e-07
2.045292993577265259e-06
-8.076769464363093473e-07
4.606199452839362604e-07
-1.375210114134736453e-07
-4.610939325097649460e-07
-8.257982621691454301e-08
3.964248206944174758e-07
-3.123551029558854089e-07
-4.037979471701247874e-08
-1.842133147493068823e-08
-2.925469416790357446e-07
2.926080392259053856e-07
-7.100521263020703370e-07
-3.242146939877607943e-07
2.428132868791744036e-07
-1.601106022268131447e-07
-1.636770990977278612e-06
-5.809458879682356659e-07
-5.130562287144220431e-07
-1.896475637477273156e-08
-9.760533241566400518e-07
-1.087495931637136383e-07
1.782495435652793037e-07
-1.574722435769722715e-07
-5.038712651987676178e-07
-3.509076057024845028e-07
7.338299028522466625e-07
4.429378613643942001e-07
-3.542441061730104429e-07
-1.714497501234871894e-08
-3.079016659786991390e-07
-7.504474977789014810e-08
-7.202819391805030728e-07
-1.464644598274879312e-07
-1.485768225559972015e-07
5.164405363448178183e-07
7.892200922746883496e-08
2.564198544015194141e-07
2.435428119642583384e-07
-7.294462379094865380e-09
3.114556945865635478e-07
4.986356537896214024e-07
-2.622819045078253304e-07
-6.515040972727698774e-07
-2.647624437574944354e-07
-1.946178922029696956e-07
-3.552269726069472944e-07
-6.236043124380474532e-07
4.325454477363767416e-08
-4.194203561567600308e-08
-6.820816881285503382e-08
3.333888867420623562e-07
7.860618722475627962e-07
-3.181649061298256335e-07
1.043140154421646104e-07
-9.269764577840450811e-08
3.306062570004555400e-07
1.411732813987396778e-07
-8.313604091927946009e-07
2.523931182250730986e-07
-2.705565446496340023e-07
6.664289814504498734e-07
-2.276619618424074937e-07
3.621982330151717861e-07
1.205781043087378344e-07
1.555124152635415098e-07
-7.865633162523147651e-08
3.175804772840902965e-07
6.452224788589864804e-07
2.230951373108820500e-07
2.124620245433766331e-07
-2.273503562224373654e-07
5.529278285815595581e-07
1.047226839470150808e-07
-7.521513165431182979e-08
1.289331154630400111e-07
-1.235402664837292585e-07
2.453045390863645452e-07
1.583475954424032928e-07
4.770231272987674531e-07
-2.446132258606880881e-07
-2.426798737149058817e-07
4.418618198520119739e-08
1.239562725754447854e-07
-3.342499239433227831e-08
1.208307477455142359e-07
6.980219064450112896e-08
-8.276878042163435935e-07
8.687492900438410612e-08
-3.776557740212659577e-07
1.069556122094823159e-07
2.163252240003177615e-07
-8.143624187407814827e-07
-1.192570060260042553e-06
-4.496665763047979731e-08
1.494289211746458444e-07
-4.648063683244838147e-07
1.071102241810463602e-07
7.867765853626377357e-08
-7.742185847289156376e-08
1.685690937645195756e-07
-6.644595254734794329e-07
-4.940886595659685344e-08
1.073630624755439039e-07
-8.058395033328891548e-08
7.077875603774960123e-07
1.014556907096573248e-07
8.671966024053125363e-08
-2.751870744054371822e-07
3.407897955863671543e-07
8.671468757955044646e-07
1.441370635899857174e-07
2.014171397205002912e-07
2.026244498247838163e-07
-4.629941100216489166e-07
1.911747345898797573e-07
-5.601815641637431019e-07
-3.608233029505058417e-07
3.984584607847812216e-07
2.311930623838403230e-07
1.625641639534425810e-07
1.817450398199504449e-07
-4.811397020163684452e-07
7.998200898995820009e-08
-3.709525716170409849e-09
3.329767014891131453e-07
2.103545840326462178e-07
-1.378459980537768993e-07
5.040202750205923514e-07
3.418071070184185221e-07
-8.212293521990629940e-08
3.856148174697786870e-07
3.598799803440706040e-07
-3.747648171874448499e-07
-2.273627345421670063e-07
1.675869242764398094e-07
-1.391993163724078119e-07
-8.902123561525175981e-07
-2.883957784510218560e-07
-3.651434675003439263e-07
-1.239104159934820842e-07
1.724283505972662638e-07
-4.907079290822371414e-07
-1.418499226200997743e-06
-2.061211021934034524e-07
-4.444839461145881400e-07
-9.101693305007642984e-07
4.917570091907773435e-07
-1.234988598427947163e-07
-1.698223380936236317e-06
-3.064288422562960826e-07
-1.557145146656354778e-06
-3.473190699934997407e-07
-8.252550987245564550e-07
4.654669382799862196e-07
5.201596499533982272e-07
1.252230496608565892e-07
1.350114372407966049e-06
4.192245044332926079e-07
-1.855421555959126326e-06
1.799196516030752463e-07
-2.223649910895039149e-06
5.201510792042699416e-07
4.217164313716834216e-07
-1.113611257335121264e-08
-5.361445875741151183e-07
-4.156660927458291074e-07
-7.908418265766163150e-07
2.793878432638689475e-07
-2.799715941889378426e-07
7.831209691153066564e-08
-2.832208427471521999e-07
-6.954545500908233575e-07
-6.832718386396505886e-07
-3.043615967151013978e-07
-2.808681974996397191e-07
-6.650217272728974189e-07
-7.756458694335127170e-07
-4.758249516168014993e-07
-5.999686583008783790e-07
-1.748890495183592202e-07
-1.091089535664490245e-07
2.279707005921652803e-07
1.159935508613900052e-07
9.040040215100500177e-07
2.729892580875179518e-07
4.374126811731613623e-07
4.328349140559888017e-07
-1.429142665975186309e-07
-7.615927187994159762e-08
-3.619401051463474748e-07
4.273982301658562117e-07
-4.880147651092561467e-07
-1.881121771149638817e-08
3.616745526153976435e-08
-1.845942826245243360e-07
-8.359978216087762692e-08
-7.314097951800660295e-07
4.247609808898580409e-07
6.149669779338058077e-08
1.367087183335750672e-07
-2.177309307033107693e-07
-5.348731416807459105e-07
-4.646286786999353206e-07
-5.498192965685910059e-07
3.699165438185069683e-07
-1.667708971685650905e-07
-1.035061541457750088e-07
-4.914498947175036360e-09
4.758387773399361479e-07
-6.443102708427095889e-07
-3.204361099190655256e-07
-1.647013478388725541e-07
1.842214288319447591e-07
-1.375160138472502835e-07
-3.860383242721567049e-07
2.214073297215616070e-07
-2.452716775054665081e-07
-4.867573219264552252e-07
4.885574503135857747e-07
7.364989809789735652e-08
4.475064364830247242e-07
-6.735571934118574219e-07
-3.531736874440973222e-07
-1.667732428789015940e-07
2.588191428482586522e-07
-5.911199535977832357e-07
-2.280489885891743688e-08
-6.744152468479652790e-08
-6.537241311244297321e-07
-1.582573719327641575e-08
-7.755792933404870121e-07
3.426127230801084055e-07
1.393013597851010379e-07
-3.500230665034369553e-07
-1.578052978352667808e-07
2.184545452842894930e-08
1.520314850164599999e-07
5.870142211777398839e-08
-1.277639674227117224e-09
-3.106311929185461447e-07
-4.783253764420895544e-07
7.348457356934026966e-07
2.285058582924043058e-07
1.050086557814823414e-07
-4.736263948318680220e-07
6.649846683293425650e-07
-4.120110016909477769e-07
-2.437760450280685308e-07
1.164860613105960450e-06
-2.124652194182829654e-08
9.720542827676455725e-07
6.602169521804193674e-08
-7.752016825443684544e-07
-8.479510582764424033e-08
7.164957776250082186e-07
8.232326273605870020e-08
7.283603085542916878e-07
-2.653850703065787904e-07
4.190332366846719778e-07
1.449739316020743007e-07
-4.273053175646909112e-07
-1.592555665090118706e-07
1.766520880861637524e-07
-4.105109039862567166e-07
-2.954523394551018853e-07
-1.958807178327441744e-07
-8.990839435690218953e-08
-4.552861854612256665e-07
-8.868274672800746641e-09
-3.435086334652899692e-07
1.162074458979355138e-07
-3.006654434377077082e-07
-1.893062203727765980e-07
-3.415775554738129098e-07
1.131734107718320606e-07
3.937054625918630533e-07
-7.498822783032717032e-09
-1.709933047852451418e-07
-9.716822551737002297e-08
2.984745828870665798e-07
4.353833393901335425e-07
-2.631607737288229153e-07
-2.667860812075144365e-07
5.314465599498246132e-08
-2.308752509292703054e-07
1.626093500896410430e-07
8.568303780750857897e-08
6.622689111875709271e-08
3.725346193031046931e-07
4.134753701242915042e-07
2.333111304495906745e-07
3.104834849710506380e-07
1.252843103904597538e-07
-3.003589444835184927e-07
6.263494055991398938e-08
-1.602386640032473475e-07
-7.896955763489913682e-08
-1.089423233302853214e-08
-2.430823973150785117e-07
-8.951470173366397955e-07
-1.776168404398722532e-07
-4.843434951668656828e-07
1.805087052399108398e-07
-2.295083577094545381e-07
-2.849969693191305032e-07
-6.160464465989481534e-08
1.794389849702972757e-07
1.802854928368772744e-07
2.190565132278400169e-09
9.548437025863204954e-08
-1.215063986567948968e-07
-2.266559963065109688e-07
1.042656284162632934e-07
-2.267113187915528845e-07
-1.881522444859241816e-07
-4.010220300281048499e-07
-5.212193412725870043e-08
2.359311675901302040e-07
1.861028750216221625e-07
1.738367767123767628e-07
4.790245304328887132e-07
3.048377066053110906e-07
-8.489266644282163560e-08
-8.341072961871446315e-08
1.373364770656426872e-07
1.436564819280188498e-07
4.435210708856719440e-09
-3.504230943193325171e-07
-3.436057653643319864e-07
-4.164408994086433369e-07
-2.678534546978834573e-07
3.371381343969280242e-07
