9.998344812822327343e-01
5.772799278188783974e-03
4.150560326154877083e-05
4.351819145934878916e-04
-2.721971105788022118e-03
-3.305222881870329847e-05
7.622502604301406842e-04
-4.579435579243522694e-04
2.017033707369141938e-05
7.476173922888402004e-04
1.316032782719170693e-03
3.047580126735967149e-05
-3.615470310171437802e-06
4.182817348509234340e-06
2.326646072412865448e-04
3.989317038319689127e-06
-7.317004530381069656e-06
2.446813830185775248e-05
-1.682055833126588966e-05
-2.175493378607190147e-06
-3.277568176038925317e-04
-1.097524534723469148e-05
-4.736985701375324360e-07
2.337088282494289134e-06
-1.141625624720782257e-06
-7.197281842014725340e-05
-8.641644230161486958e-06
-1.362299234795823708e-06
1.778227183307215258e-06
-9.671603872455613449e-06
7.262507290355148530e-06
4.113512318979592423e-06
-6.414302190062807963e-07
4.596341659867247354e-06
1.136314531999291263e-06
5.541255957728148147e-05
1.584734891152239651e-06
-2.451542082283422812e-08
-5.786411794458292973e-09
-6.758374610088263977e-07
3.487607965735400738e-07
1.468564499461808503e-05
3.626309005864490576e-06
1.962213806288586595e-06
-1.324708329690858900e-07
-3.561931276421557706e-07
2.000590130438199728e-06
-1.916158622151278395e-06
-6.866604304228449424e-07
-2.565368180690517052e-07
8.702349032761221817e-07
-1.284468009015249601e-06
-1.099527252705331095e-06
-2.693103595018831672e-07
-6.338283262831897107e-07
-1.124678018394900571e-07
-5.891824116721123923e-06
-6.837879437161425208e-08
1.844337318693269596e-07
-6.181668883222785364e-08
8.873435590791224557e-08
9.486403037621066086e-08
-5.650050098095099060e-08
-1.866965171503119625e-06
-7.445084036363999058e-07
-4.557099723884970082e-07
-1.915152380745337852e-07
7.766117132161918561e-08
5.478637752971814890e-08
-1.978902916180813484e-07
2.950894887904455609e-07
5.771439695681364204e-08
6.963030203000135026e-09
-6.137981403383135583e-09
-1.606554588278944218e-07
1.894731210024430358e-07
1.792933467876316655e-07
1.176195323433574578e-07
-4.561118281097911133e-08
1.201667221653001910e-07
1.091818941924969761e-07
5.360208605798716760e-08
5.917553624607686619e-08
5.455066172537743757e-09
3.697501149794652537e-07
-7.062522987226798012e-09
-3.584965113266830023e-08
-2.822460972671297660e-09
-5.349180904201712732e-10
-1.250396200335221408e-08
-1.568929168258660427e-09
5.045248972327087662e-09
1.349792429518108549e-07
7.136813760277082848e-08
4.863406625697401206e-08
2.211658485516040890e-08
5.016510637439073677e-09
-1.506203736107717326e-08
-3.325323036961910519e-09
1.428085298503863546e-08
-1.907404419633900792e-08
-5.438589697350549432e-09
1.068141616470964460e-08
7.143155820402860495e-09
1.769172022784699091e-09
6.263591119526975012e-09
-1.125899364946504797e-08
-1.072867266338090739e-08
-1.757044416023280284e-08
-7.094750718484455018e-09
1.036298781537140068e-08
-1.365883751069140329e-08
-4.799016531445462850e-09
-4.915193695339559586e-09
1.794237435185438693e-10
-6.572674964475033857e-09
-7.813142230365417350e-09
-4.018317922826086628e-09
-2.345693797487629518e-09
3.555311994052904662e-10
