1.111594876316396707e+01
-1.710931779531538466e-01
-1.791705728875199466e-01
4.827777919584297361e-01
1.272162139379506493e-02
1.577222724054332418e-03
1.198339080698709869e-02
1.274459597525843743e-02
2.848399564676520109e-03
-9.410881035305432296e-02
-2.532341587929490810e-04
-1.358216240522090777e-04
-1.195510341027618007e-04
-2.942874712544936086e-04
2.676271739960304108e-04
-1.596128128554505409e-04
3.255203715330988424e-05
1.285849396182933181e-03
1.464098254709144667e-03
1.145790631899466609e-02
3.184396708934451869e-05
-1.929686145537814208e-06
-1.394872587469676126e-05
5.682102430359339235e-06
3.838529868648586277e-05
3.769032210005923038e-05
-4.206010371022420621e-05
-2.827970169402544662e-05
1.372582809926693514e-05
-7.714858814849880335e-05
-3.867242480743690635e-05
-6.388594607020380185e-05
-3.005902721166185654e-04
-2.624308085542319973e-04
-1.072661460406796165e-03
-4.333107282886929060e-06
-2.405117186755875198e-06
4.922909097839771527e-06
3.187622730743658355e-06
-3.803454773656344057e-06
-5.782847678642373143e-06
-6.424888780711913884e-06
8.410820866169280483e-06
9.929207378703933535e-06
6.008973138051012719e-06
-2.488802973895551295e-06
-2.537610083309531574e-06
7.233483064714995594e-06
1.206558791769687205e-05
1.572257603211493551e-06
1.302775655573571172e-05
7.631878098430549919e-06
7.672086423706209670e-06
3.600380617357930974e-05
2.289491561700421416e-05
9.432291314205386952e-05
4.198560986066902428e-07
4.527744217530102191e-07
-1.436724299402806459e-07
-8.358251121510417945e-07
-5.141926544523275776e-08
7.865230572630807072e-07
6.179438027995152600e-07
9.006304213100620522e-07
-9.291076147933074606e-07
-1.071125872776198167e-06
-8.964455106960067891e-07
-3.624041416724659179e-07
2.663582618056934008e-07
9.547020284226646666e-07
-8.015271680246768774e-07
-1.933101204858034097e-06
-1.510294122924864505e-06
1.107249076208656616e-07
-3.639632271119169191e-07
-1.102523931782015010e-07
-9.799434076782404000e-07
1.190479191499307136e-07
-1.254314052053662232e-06
-8.332100931352907503e-07
-7.083932623152515612e-07
-2.910768105617896948e-06
-6.373479404241141262e-07
-7.287778781842442796e-06
-2.411918800060311342e-08
-4.719921551116308578e-08
5.448495762811860374e-10
1.255498017308950608e-08
7.720816330726189768e-08
-5.437029972914662976e-08
-5.867278793722171366e-08
-3.293612107819994792e-08
-5.289003607021548837e-08
7.440491762558939184e-08
2.228211330069771559e-08
5.650182170015725337e-08
1.333326659074070066e-08
-5.974035628956796572e-09
-2.745830111067154820e-08
-1.082189460845227845e-07
2.468133241143393682e-08
1.699243846299193149e-07
9.669753032473400813e-08
1.100157259572304570e-07
2.170780377128399347e-08
-9.120632491479761488e-09
-1.504082397072108754e-08
7.768668410533909977e-08
7.012009152672182115e-08
-9.787203585267779890e-08
4.824675894526139686e-08
-3.519089456818355992e-08
3.879563015846158039e-08
5.304847039597827832e-08
7.880639689528020024e-08
6.588096415237672195e-08
-1.987779973366768532e-08
1.339767909568075852e-07
-7.745541801815398927e-08
4.911199914218978336e-07
