1.008716638142975297e+00
-5.570356121876911606e-03
1.098002486180683381e-06
-3.638547458044077499e-04
4.174517426258670706e-03
2.610939865507523955e-05
7.806606446175674103e-04
4.536072296611729686e-04
-2.521877938695651474e-05
7.997597065426553667e-04
-1.270855790119826759e-03
-1.418418877517073571e-05
-3.778801596508652180e-06
-3.313286100697213233e-06
-2.440289312266978063e-04
5.571559608719480966e-06
5.313342630021728376e-06
-3.065433904627720691e-05
9.262515625642284833e-06
-2.087883831399630415e-06
3.141781658110194553e-04
5.704260823559530947e-06
5.293966118875391362e-06
-9.586545376843420239e-07
1.185342963273153302e-06
7.476281213142894704e-05
-3.100230976048389836e-06
-9.051660339117286431e-07
-1.031042978583908306e-06
1.795001756341391827e-05
-1.090431926811941593e-06
-1.109984874113497481e-06
-7.015990363377656965e-07
-3.326208223588206668e-06
1.122365116961436528e-06
-5.265375164918309296e-05
-1.581298413861180587e-06
-1.645635019444598324e-06
-3.863325205763501505e-07
4.825311979934267315e-07
-2.146652132603993439e-07
-1.453999353346034447e-05
1.256738173696035407e-06
-2.544487459511639012e-07
1.774363542876241342e-07
2.208442126673484503e-07
-4.473954636172926056e-06
1.429796967211300059e-07
2.053855922594289989e-07
3.625716352952319691e-08
-7.382974093686303383e-07
5.804379592723058818e-07
8.211438331160771177e-07
5.028470372133989708e-07
4.128469229830496030e-07
-2.563782387473585943e-07
5.580861104429584348e-06
2.426348444182081099e-07
2.893515830607565668e-07
1.649039996172837589e-07
-7.196243293065927748e-08
-6.770092183696553368e-08
3.516526786277376415e-08
1.724015108436287074e-06
-2.573184572140333592e-07
-1.825759857780775154e-08
1.339649660621207392e-07
-6.865902465444711653e-08
-3.663830093693802674e-08
6.492625205354663443e-07
2.868458630389305665e-08
-3.421225068305713603e-09
2.422380218920154641e-08
3.583169518356711907e-08
1.548471038192759289e-07
-8.522890973260437045e-08
-1.238981560212575348e-07
-1.236321557373807848e-07
7.061746196379939143e-09
-5.497388306419284740e-08
-5.013659051187765620e-08
-5.978314133115244946e-08
-3.988840271472854031e-08
3.550166554408118949e-08
-3.497953070966487275e-07
-2.318600275578815334e-08
-1.952327103477005650e-08
-2.190632090241184274e-08
1.373785052902640817e-09
8.940383953898168163e-09
2.095021010243329312e-10
-3.150493564503375240e-09
-1.164104834397602758e-07
2.055220663185269782e-08
3.721036895514008096e-09
-1.110069190174907407e-08
-3.959417887020017604e-09
1.580012331883065461e-08
3.211381803953373133e-09
-4.623087003632186178e-08
2.195346499434494246e-09
8.054271795285031938e-09
-1.147800160505423149e-08
-1.210987240305451291e-08
-6.321834523501396957e-09
-1.684373990181259421e-08
-9.173373812202863395e-09
3.609729718201589507e-09
1.950378157394424449e-08
1.058783266900811484e-08
1.333284648070102023e-09
1.798029951933081127e-08
-4.825745716808966707e-10
1.780176213278872625e-09
-5.236080211465915711e-09
-3.133524350625920323e-10
4.355492171124748260e-09
6.909889343161380041e-09
2.433933703404259775e-09
-3.982768917631485400e-09
