1.056447058207808354e+01
-8.280702033116581484e-01
-2.393644630829565301e-01
1.840989600841442586e+00
8.401686304889771639e-02
1.433900933567162916e-02
1.588858161977082725e-02
1.964077543090396796e-02
-2.540191971338797219e-02
-6.743449645343477794e-01
-4.276869749335344625e-03
-1.613457238349227290e-03
-1.427815531666267465e-03
-2.832932314375293512e-04
-1.029487201390628503e-03
-2.826465273674196813e-03
-5.973265016029193769e-04
5.484799921142580886e-02
2.346197824620021091e-02
1.310749979521339537e-01
2.649548440034459333e-04
5.599775640376892442e-05
1.495316110081230325e-04
8.430930708342958941e-05
-4.354296827662685796e-05
8.296501642857449744e-04
1.428239340534741720e-04
3.711463372906245077e-04
1.907765089114866596e-04
-1.744797103158095102e-03
-6.306415255402573984e-04
-3.032469785166666911e-04
-1.522864703737573065e-02
-6.473769893786328680e-03
-1.712889058624646188e-02
-9.953713998332364130e-06
-4.295791280587423429e-07
-9.827141832074643533e-06
-7.673499666004378892e-06
-1.038343315238847256e-05
1.472023378689171611e-05
-4.219066099949600430e-05
-1.567536952992364008e-05
-1.641353427750752032e-05
-3.473083299077606856e-05
-1.916538053514692521e-05
5.937803430063026537e-07
4.288117472467792084e-06
-4.323366448354323946e-05
-4.057865722015637264e-05
5.085675463961413564e-04
2.938836343661494453e-04
1.082905048836139831e-04
2.358152611087530482e-03
1.060944680147511308e-03
1.469362033717833962e-03
1.828302345369686011e-07
-2.746926255110816012e-07
6.335406768791399538e-07
-5.406747801738807483e-08
1.676203324703549300e-06
6.075461719844356585e-07
-2.034276696632812711e-06
3.872404852441057465e-06
-1.873805246691233606e-07
3.736233674251723348e-07
-4.166574909450550681e-07
3.313225136879875817e-06
1.171209048929827352e-06
3.240401850573302041e-06
2.050768135398555310e-06
5.011482642716994472e-06
7.101909079281016030e-06
4.283053733332895281e-06
-1.113052213039114712e-05
-6.167515801288229075e-06
-6.767382048539273787e-07
3.538539427074677031e-06
-6.767177836301616750e-05
-4.642768391200644196e-05
-1.658181990849018136e-05
-2.226022193996561517e-04
-1.060168440644867441e-04
-7.034130571172548911e-05
3.056492337159080095e-08
7.884731971576701759e-08
-1.660657562614244516e-07
1.515303873648444157e-07
-1.638092398688631317e-07
-8.788202141548492291e-08
1.953671508167557544e-08
1.730692551868685687e-07
-1.545597384268856578e-07
5.648584840625057873e-08
1.077313759340114096e-07
1.198435599580597092e-07
6.928815049560103509e-08
-2.304720169808874521e-07
-2.905242468287930923e-08
-1.413328403118264587e-07
-1.278151920097452117e-07
-3.009085759218781333e-07
-1.810917526919580411e-07
-4.092178886818879090e-07
-1.696046129731460262e-07
-1.326105692105054920e-08
2.259489877114686192e-07
-3.212272124172899574e-07
-4.583644843550361854e-07
-2.991813658782258202e-07
1.168771705563722549e-06
6.119234551089296835e-07
6.348470324210773138e-07
-7.468741058134588693e-08
4.353596612135881991e-06
3.287999499409562126e-06
1.131312353731334490e-06
1.120360354816738253e-05
5.633722191702703276e-06
1.229737085110174382e-07
