9.992110165604701777e-01
6.319683900284557392e-03
1.883834723408024382e-06
1.028548284413055612e-03
-2.940163503750757232e-03
-4.583269752057344328e-05
8.081384572832189068e-04
-9.737540586893365544e-04
4.082414769995379011e-05
5.844692110705659773e-04
1.366735023991184472e-03
5.410663485758531181e-05
-6.756318682514315668e-06
-1.590297408097829683e-05
4.378584297202737499e-04
-7.288824593324817813e-06
-2.282353301193374508e-05
1.495865426347560586e-04
-2.042860699338289597e-05
2.778189997081752870e-05
-3.344089389910705136e-04
-2.161777213972988383e-05
-4.708497042903520694e-06
6.451825680294530914e-06
3.699710090250785163e-06
-1.230139421150539621e-04
-8.590927662131382390e-06
-1.938586370912684629e-06
7.646086662904055681e-06
-4.637493610652444292e-05
1.684058431176714473e-05
6.514001556442303608e-06
-2.544260803053483423e-05
3.070676244605045691e-06
-1.361144152579293083e-06
5.576209665776364697e-05
3.590584393229855528e-06
1.153414021407516634e-06
-2.121688658228469394e-07
-1.511639709276544404e-06
-4.210966117516286291e-07
2.333349204932081854e-05
5.734308586587414709e-06
4.304698870871772216e-06
-8.302987762737322730e-07
-1.635072355352998449e-06
7.598667350059353422e-06
-6.692010974883639852e-06
-1.745102765819325230e-06
-6.075789759144301735e-07
7.570932625000032066e-06
-1.374478086342900591e-06
-1.356392400350189687e-06
2.470723210648100518e-06
-2.411433617997062155e-07
-2.429660788242557267e-07
-5.865919246981251000e-06
-2.922369456574108153e-07
2.265644255582432805e-07
-5.645731194838755690e-08
1.121832669998485616e-07
2.220795635074796108e-07
1.524632150053649073e-08
-2.812033055726055975e-06
-1.422392844841775215e-06
-1.285854065491351284e-06
-2.811136630108445168e-07
1.952400247826957402e-07
2.187109302241553214e-07
-6.461315407239722989e-07
1.274301253018308208e-06
3.811230439630558556e-07
9.210950531875734450e-08
3.862635117680673975e-08
-1.022851228825664938e-06
3.466086240615095106e-07
2.221488515713210776e-07
1.387479520182165063e-07
-6.513452604271344461e-07
6.032431834594341640e-08
1.346625362445405068e-07
-9.112923797492176124e-08
2.131737339517181110e-08
4.589850207072408762e-08
3.621957506767132456e-07
3.159352368028889671e-09
-5.274203348462772097e-08
-3.268008049982234112e-08
8.996997143870842476e-09
-2.292637036628557596e-08
-7.424138703336545876e-09
1.779139085656739921e-09
1.937671461275025634e-07
1.367366086731769165e-07
1.543061758739774409e-07
5.031416296412382565e-08
6.044023890685026874e-09
-2.844774186502251210e-08
-1.600574463449411563e-08
3.542594384137139301e-08
-8.616938583170752969e-08
-2.728473926381830979e-08
8.037104344138505979e-10
8.141503920493679327e-09
-1.883220379804676057e-10
4.986721311151130271e-08
-5.301845566915978188e-08
-2.523230972879518118e-08
-2.594602124460338486e-08
-1.001896342448564313e-08
6.566438352428996650e-08
-1.075597058267634424e-09
1.874063574212024741e-10
-3.945815162310340138e-09
1.808536124357247543e-08
-9.965425362828662388e-09
-1.197658575897100513e-08
9.886180475784503080e-10
2.987137157850027566e-09
-4.832619084031316665e-09
