1.009088844933947238e+00
-6.093983205104556468e-03
6.099264169218073683e-05
-6.927421903142236791e-04
4.406918385749353587e-03
2.339023343659855738e-05
7.698800597174499738e-04
9.448006260949437735e-04
-6.740522714520541840e-05
8.434612019555753036e-04
-1.328251876307562232e-03
-2.309432287595651130e-06
-1.245770451974402839e-06
6.437561583932573614e-07
-4.755354251242799291e-04
-2.169953554829399680e-06
1.172956775728969642e-05
-1.345561058386117502e-04
2.326239750147429734e-05
3.536205278062372120e-06
3.219262715097079394e-04
1.271332566928943978e-06
5.427060711205690501e-06
-1.723820518736684472e-06
4.294705162294646261e-07
1.384071714663575290e-04
-8.227147256354870250e-06
-3.859808960744489634e-06
-3.057515327680682625e-06
6.102610225668138186e-05
9.065616175607963813e-06
-1.782407575789657187e-06
1.113952088422322175e-05
-8.031359378021722702e-06
-2.105446240864173734e-06
-5.289227749153462081e-05
-8.322186792905434671e-07
-2.106113235948815271e-06
-5.526606784870068850e-07
6.049401049128260421e-07
-1.013740517613864728e-07
-2.561493320200368133e-05
3.822094699557078052e-06
1.573180874187647553e-06
7.059491549778748612e-07
4.525374552285483162e-07
-1.414056521473446735e-05
-1.903913051358822966e-06
-3.046265369057126135e-07
5.545607592574999329e-07
-4.988756115963061785e-06
-1.325996200396843481e-06
7.054451415501924844e-07
-1.716719565541454211e-07
1.585730746644512510e-06
3.143311466712802390e-07
5.506112313033285624e-06
1.771938405059130796e-07
4.358830314069709484e-07
2.291107604691163556e-07
-3.080151430484527577e-08
-8.857817057176708716e-08
2.622083782068463879e-08
2.908002897623441416e-06
-7.141419783502691832e-07
-4.026234889249234384e-07
-3.011369787362250945e-08
-8.870923687429668747e-08
-6.517761556762027922e-08
1.876347868732670938e-06
1.928924426476551223e-07
-8.038042072084018072e-10
-2.498239164180541109e-08
-1.663780575101922212e-08
8.614403886982926856e-07
2.571016896554536608e-07
2.900602382353330773e-08
-1.554354076157691125e-07
2.302565085269778262e-07
1.042066239586619737e-07
-5.840082229554610479e-08
-5.841562843195335090e-08
-1.877957489053345248e-07
-2.207410510571743774e-08
-3.365530883716305285e-07
-1.912730552812799839e-08
-3.610646282877034207e-08
-3.151708115860299483e-08
-3.730583079622611485e-09
5.378956308440136411e-09
3.018087837864596192e-09
-2.907455027064935087e-09
-1.847118518841033264e-07
5.193950560222887633e-08
3.362451561907410608e-08
5.946748350811145981e-09
-1.747636552311946353e-09
1.670726207630688819e-08
3.131980940207744574e-09
-1.243693460101961637e-07
4.936102731158295538e-09
1.393208115505800977e-08
8.660384809771862918e-10
-1.035249819457001156e-08
1.232361526641759069e-09
-7.192492587659603469e-08
-3.231538555452365373e-08
-1.176549473452679372e-08
1.916000601564088633e-08
7.150533221261464073e-09
-2.080367420225810472e-08
2.762819144408906242e-09
-1.101565374978200364e-08
1.015372877361067269e-08
-1.085779469478491352e-08
-6.331429012783472541e-09
2.117231219483973088e-09
9.610985312919399258e-09
1.436508353793979692e-08
-1.789803541142295702e-09
