3.976642879621908877e-01
3.629403198625507643e-01
-6.067232839602208772e-02
-1.313275354347848145e-01
-3.298810918156127453e-02
-1.237290100960957012e-01
2.224118073787351851e-02
-1.719349466279933847e-01
2.308163309509691716e-02
2.941020336994960502e-02
4.938232711365946742e-02
-1.729093950996781880e-03
9.991344095652739121e-02
2.622308822411519719e-02
2.703076045758457530e-02
4.113612414990443916e-02
2.954268734147609196e-02
1.177627205041700958e-01
7.416115406481789407e-02
4.742576558862267311e-02
-3.267116279201720541e-02
5.861473774051955549e-02
-1.213683691487182220e-02
4.308230955132074519e-02
-3.588175302518151893e-02
-3.318942670177509741e-02
9.820253281326017311e-03
-1.819473484666899333e-03
8.004434014072928094e-02
1.491517653384798886e-02
-3.328531442408604740e-02
-6.124248355102326988e-04
-1.466862377461567411e-02
-1.784851769289002091e-02
3.374695494304805025e-03
-1.865468743309228045e-02
-1.572738092460466541e-03
-4.375412401031604503e-02
-1.094481477920724276e-02
-1.659002529406850696e-02
-1.608635716619319367e-02
-2.064080938164566600e-02
-4.018715349039977437e-03
-1.356876454689785044e-02
-4.585776866594801215e-02
-1.388833438022999377e-02
-1.273792636871025515e-02
-8.159827553628977437e-03
-4.851773983914389743e-02
-3.213349659405198566e-02
-2.566498410401737637e-02
-3.174472211865997373e-02
5.028505686916971175e-03
-3.841425989649887435e-02
6.784085165763249770e-02
1.272171191614731439e-02
-1.360301502185419335e-02
1.369346785786570812e-02
-3.861073300379481987e-02
-2.264511997775833091e-02
1.964999364547608332e-02
1.033901628792132342e-02
-2.348829449418142479e-02
1.476451205103348173e-02
6.850223785741827408e-03
-2.551687339898977419e-02
1.268876950399863875e-02
3.678415485139094679e-03
2.201378991903795226e-02
5.540960877655747019e-02
1.065544646920297753e-02
1.530457314231300874e-02
1.730667806606028467e-02
-4.027769791321519216e-02
-2.326907968932388077e-02
1.258811733650946375e-02
-9.214959498688710116e-03
-1.005716615184215276e-02
-2.141242979890874143e-02
-1.314015270989941746e-02
-1.257881739222122854e-02
-1.276483400278621665e-02
1.438633012379258655e-02
1.123999934048214300e-02
-2.622360857700288886e-02
-1.181336620036925640e-02
5.055196891909672502e-03
1.202087628444583126e-02
-3.253621789825918587e-03
-1.426840221493494573e-04
1.108274839592081860e-02
9.155694044084129388e-03
-3.024483550595879339e-03
3.040998811436408569e-03
-1.383147867457974094e-03
1.417877480520034466e-03
4.841120696430608467e-03
-1.160503686361207681e-03
1.378935388591339371e-02
5.900600325025684954e-03
6.480477066838483645e-03
9.417610576659088406e-03
3.716862121603197594e-03
9.357506690442867620e-03
4.133629655673384286e-03
3.561391078934451546e-03
1.895894211907017722e-03
-2.354661909871691092e-03
3.736242740551981578e-03
2.578429183765170926e-02
3.814384856300959917e-03
7.902241588717977966e-03
9.047579063401780392e-03
6.186658798608972616e-04
1.207965656461004560e-03
8.015718086929435673e-03
2.482763558300478141e-03
3.592327552598076432e-03
7.290052262338884113e-04
9.801011246797716042e-03
1.546555072831249517e-02
6.509530636414373808e-03
8.445280448548451308e-03
1.687520095608902732e-02
6.362755188613131510e-03
-5.730028066044652243e-03
1.330667748191530740e-02
5.151668594098855053e-03
1.637759361122135063e-02
-4.361666989396734140e-02
3.064358436698265214e-04
-5.640324340522662530e-03
5.359811846286482431e-04
2.231393180605075952e-03
1.341620622819966226e-02
-1.405618859367843568e-03
-5.327899141757776180e-03
-1.620607740281838254e-03
1.128470126344389583e-04
2.045521069313982129e-02
5.310772806460344747e-03
6.153021108020061483e-03
-2.000274792447788615e-03
-5.206263762782088397e-03
-1.034432513802907572e-02
-9.000085261089351210e-03
-1.505495554443159060e-03
-3.587388003752858649e-03
-4.582656526439530913e-03
6.405037167828970049e-03
5.457306029691548141e-03
-5.356690036372777726e-04
-1.051940624009857798e-03
6.076110187547927727e-03
-4.837602914094542988e-03
-7.330978071327243738e-03
-1.498284008069994443e-03
9.098849880043216251e-03
-4.251331413674733911e-03
-2.408816491502467020e-03
-1.824781902801809802e-03
-3.405965483037131075e-03
-4.444525173703414668e-04
-8.083273306758648191e-03
-3.256398754870333534e-02
-7.964586017245317215e-03
-3.010709498606494502e-03
-9.460412442367917979e-03
-2.201889355160406136e-03
-1.326394230285478024e-03
-7.518055476684124515e-03
-1.334905688446180001e-03
-1.718646108685536805e-03
-1.879799162306233697e-03
2.350756538354768777e-02
1.506015917056187804e-03
8.732248332307629077e-03
-1.811385619499752487e-03
-3.953280003275130156e-03
-8.252368195900092532e-03
-4.815135719895500535e-04
-4.732681295159585550e-04
-3.268980744396922464e-03
-4.828635159746835943e-03
5.936580658007388489e-03
5.848294720588713240e-03
1.354658753688218944e-03
5.338309538491004674e-03
3.286746014504220853e-03
8.106025613807146812e-03
2.703765010631428364e-03
5.239840282218600868e-03
5.086596868933323384e-03
2.247934272823746277e-03
2.706368701133585880e-03
1.766229708805886400e-03
-1.166476191995848531e-03
-1.786965063260827918e-06
-1.522829173318344552e-03
1.373840058641732399e-03
5.664022124132081677e-03
1.672392164743154207e-03
3.901071501591154775e-03
-4.139761911021928517e-03
1.532086985703923427e-03
1.965963519492477940e-03
1.353442927062287020e-03
3.285822623063110095e-03
-6.113357723206275067e-03
-3.569998726186315949e-03
5.575309197193745354e-03
4.094858648085066347e-03
1.994956834372947402e-04
-2.279938062593766992e-03
-2.439575813825547133e-03
1.431617694128933197e-03
1.328975441385610605e-03
-2.209709986471108598e-03
-4.360420541989561138e-03
-1.276062662448538415e-03
1.038689360241318305e-03
-1.046835553575971604e-03
-1.189016057273700310e-03
-7.990699817972555987e-04
-5.020410582923889821e-04
6.232591279690770265e-06
1.692020629171454545e-03
2.011713144207276968e-04
-1.518587503053900464e-03
1.508434786385546048e-04
-2.979843357648574633e-03
-3.240576832390435879e-03
-1.620727643977993519e-03
-3.630391726765581483e-03
-1.494908684649146708e-03
-6.275885323444663558e-04
-4.381964555272971178e-03
-2.888248718713235571e-03
-6.034963221867931105e-04
-9.658996428716965128e-04
-1.096126460759279690e-03
1.355314375545191123e-03
-1.843822623981191810e-04
-1.962738713308167257e-04
8.857896429614825571e-04
-1.226563876732729777e-03
-8.563689430411079370e-03
-1.967310504748793001e-03
-6.996478046126260565e-04
-2.113054555107569347e-03
-5.209773121270346204e-03
-1.233885301362906955e-03
-7.170453722290874273e-04
-1.842577980389665962e-04
-2.086100373612293142e-04
-8.068347762634633740e-05
-2.980454139312062756e-03
-1.014766431014143275e-03
-6.877791986028252823e-04
-1.202462835298360923e-03
1.097120648121770512e-04
-5.430046361828731261e-04
-9.614658533292701984e-04
-5.505239360577030569e-04
-7.562513757023194005e-04
-6.097904956178417442e-05
4.972908756975684451e-04
-4.884366993096992890e-03
-1.711550725980733262e-03
-1.690521059567192709e-03
-1.815722988658452063e-03
-3.482318454507883892e-03
-4.496448080214263295e-03
1.688457505255331205e-04
1.625906039601858347e-03
-3.263536004497175243e-03
-1.469019116214808620e-03
5.899669062330199098e-05
-3.098126595181387340e-03
-1.137657333061768954e-03
-4.886297255427805158e-03
1.501466713336220386e-02
1.838374905772193320e-05
5.441508483305646627e-05
1.247303095710245021e-03
4.699650622483083837e-03
-7.275389109365645824e-04
5.045477686122381384e-04
-2.370961521604132705e-03
-2.739611761645626754e-04
-4.984584280603309055e-03
-3.383176255067858870e-04
2.292184279364152533e-03
7.207561178324076992e-04
-1.163419190872938639e-04
6.865856377783160266e-04
-1.494239591646630413e-03
-1.126817108471628390e-03
7.321841923956184071e-04
5.372779893004537991e-04
3.187674756459875141e-04
-6.756959516118100396e-03
-2.406190880872524553e-03
-8.315042187443003963e-04
-1.761346831312216987e-03
-3.507034394713641999e-03
-2.124815888930202862e-05
1.264517815191455513e-03
2.215783619374503757e-03
-5.635836382621552468e-04
3.715290200878415897e-03
4.287657474524682842e-03
-1.172118094054696311e-03
6.309275072221510929e-04
9.569255844627971332e-04
-1.317273270351310447e-03
3.476158717043546960e-03
1.618843259327470106e-03
9.462341707628380135e-04
1.960136789436405912e-03
-4.823006179802150290e-04
-1.810624039965921242e-03
-4.430012469626707142e-05
-6.818074866304017594e-04
4.012313550667748045e-04
1.531054416625640029e-03
-2.917201411003879168e-04
2.494000743029032305e-04
5.313402214360573618e-04
-1.650593861026271227e-03
8.243449977377568551e-04
-8.141369770581721342e-04
-1.394411334439409024e-03
3.673673118571159314e-04
6.409864229068694278e-04
-1.303797389519788155e-03
2.087120487183585175e-03
1.503266665896776802e-03
2.537669630747869508e-03
-5.825930908487113227e-04
-2.132548874763680932e-03
2.145200142514478402e-03
1.426035444829733354e-03
1.662388533693729450e-04
5.990014740002692038e-04
1.236260084399688720e-03
-1.313926764932913489e-04
7.789024072769420884e-05
1.415596301468269487e-03
-2.601191711135770440e-05
2.409136282484938309e-03
1.176111077723671766e-02
3.784458742456841326e-03
8.566567806979921663e-04
4.412735514520113350e-04
6.630655437518194473e-03
1.088750416453172602e-03
3.166320247337677820e-04
8.269757679822201113e-04
1.821015358520742167e-04
1.246936293986405453e-03
4.085016504664739159e-03
1.362717340558711925e-03
-2.226164991088430386e-04
1.333077530595111687e-03
2.525153534430017851e-04
3.612611031649247731e-04
5.463120941637647813e-05
-2.152250458151011349e-06
2.158999679276292700e-04
7.821832437608301943e-04
-8.918809371311432754e-03
4.727426077786771666e-04
-8.396633463155358601e-04
-2.254040308633536386e-03
-3.075134344351770823e-03
9.009452795927221308e-04
4.742469408466412628e-04
1.323449385317666859e-03
5.589969901274423553e-04
2.737386141111808509e-03
1.129484384133076953e-03
-1.909342286854551251e-03
8.875061410265970129e-04
-1.078898443360958416e-03
-2.881349806100899310e-04
1.828278805854672076e-03
2.081421166624600801e-03
-2.397405014421725053e-05
1.450412656409083871e-03
-2.408409838321828270e-04
-2.122088021436514729e-03
1.705375251282361261e-04
-1.394822322710238078e-03
-6.681031736113530193e-05
1.260848947795928290e-03
-2.348551783034774111e-03
-1.628292762300889230e-03
1.731917670591716623e-04
-2.777926828811692027e-03
5.980974392327398229e-04
-4.087557222902049267e-04
-1.599250373438931014e-03
1.173214767480250690e-03
-6.653949105288225118e-04
-1.146186705322667886e-03
-4.043584818946438682e-03
-3.979548023333911370e-04
-1.563713329985167929e-04
-1.194721181277018504e-03
-2.577595777598185728e-03
-4.253332723503174982e-04
-3.916625897269919898e-05
-1.601914435397478126e-03
7.143945478755134618e-05
-1.593317513713966458e-03
-2.395257827219484780e-03
3.890327009729848285e-04
4.334494721176966928e-04
-1.226575647206052137e-03
7.483679538915508165e-04
-1.695500605948201296e-03
-4.276192678830896391e-04
4.268091322784684514e-04
-8.973627866561529427e-04
-4.865264235447094875e-04
1.747600205856325508e-04
1.320488371670041565e-04
-1.525310218105031205e-03
1.199101586580029718e-03
-1.198026361865011871e-04
1.051635456858598705e-04
-7.323950266383402394e-04
7.803992600157291966e-04
4.005354137310839380e-04
9.692558361955152038e-04
-7.434457604053499109e-06
-1.056281646080667542e-03
8.701335580700933232e-04
-3.140775543299051745e-04
2.734562581962669847e-04
1.278886587838298566e-03
-4.305220783136753373e-04
-9.389008861467965658e-04
1.069826362173384286e-05
-8.701270011224105944e-04
7.373566076016275323e-04
1.052921048543468789e-03
-2.539362642119308739e-05
1.071829123674517079e-03
7.129829130485312296e-04
-2.547185309399732167e-04
-1.441042224471306360e-03
-8.095616752944120604e-04
-9.694142063901039401e-04
1.310174484295970401e-03
-6.594427305079260610e-04
-5.072564492230907836e-05
-4.129917825350178269e-04
-9.769241253159003432e-04
1.456296913507736188e-03
7.831192383321918535e-04
-7.126402032713410103e-04
-8.573001869806969521e-04
-2.106771618450147552e-04
2.833338003183847849e-04
3.757215027898002757e-04
2.764778432318342545e-04
-2.938177691512845833e-04
-3.736329077415021264e-04
1.542695962874804480e-04
9.490823867775124338e-04
4.513822018044506552e-04
6.468809858892413524e-05
-2.003575270929525295e-04
1.564255445002607915e-04
2.544673819419701047e-04
2.594671675280899666e-04
2.181827534995752675e-04
6.074049338330314378e-05
4.022897470388845113e-05
4.516000832725915127e-05
4.674480888873221523e-06
1.483008400138651849e-05
-1.183367785711838556e-04
-4.733634981294760637e-04
-8.482347760253039774e-06
3.012814849106501308e-04
-2.684460354911806165e-05
4.389904296252397317e-04
8.498384478695606694e-04
2.960342109738012327e-04
9.203113026943215850e-04
2.596675428240545242e-04
2.610108460955336924e-04
3.495686719416595922e-05
1.149543815089824894e-03
7.635987388142346068e-04
2.417692094503163256e-04
-5.655023573139941284e-05
2.083087895559552149e-04
5.205594036028523934e-04
-8.238997162100886932e-05
-8.706033495864774275e-06
9.459476172188841447e-05
-2.942715280461219397e-04
-4.918091313472333897e-04
3.433793803420747906e-05
5.831986690555832699e-05
-1.899702603608225814e-04
1.868556573963711849e-04
1.851650380684944763e-03
6.609542866723645046e-04
2.535123142860671230e-04
-1.191070843739197737e-05
4.725751225014019068e-04
1.543247033382666184e-03
3.979202304237547416e-04
2.639588002370579431e-04
7.194643040060823877e-05
1.439056213023587891e-04
-1.245019484937874511e-04
2.782382682722718981e-04
-1.718287809124149554e-04
-1.316317160342452533e-05
-3.733768010438412416e-05
6.040118687075963100e-04
2.106513168240134622e-04
1.498620003523067892e-04
-2.305568280698906921e-05
3.445360249500025633e-04
1.796541280463474354e-04
6.853886079032954558e-05
-1.130631421810292638e-04
6.661536875353132819e-06
-1.568073964352252910e-06
2.571580956169719750e-04
9.512770873017174431e-05
1.985061378071918594e-04
1.023870801749288237e-04
-6.835057140353536262e-05
5.247187613209832791e-05
1.167502362352104353e-04
8.924065881953652918e-05
1.771094130276651304e-04
-1.173022407876346493e-05
-5.916247091866508236e-04
8.134309196974729870e-04
3.481605401771889767e-04
3.056214166486462551e-04
2.527229301357122502e-04
2.347362137169909464e-04
1.810122165144401735e-04
1.005624363054706408e-03
3.649796563752214038e-04
-1.366660799070554960e-04
-2.603038006563481105e-04
9.147878014539460910e-04
8.099824196605670372e-04
-9.700115149114711612e-05
-2.855420804689024337e-06
2.747280817851226902e-04
1.141551861018467361e-04
-7.177810024644198266e-05
8.520329454101563740e-04
2.904880713350089594e-04
9.958744063542348743e-04
-2.885093127862860089e-03
-4.302068290515648468e-04
2.220298647250460691e-04
-4.547591330945100369e-05
-2.499676997908939881e-04
-1.457050966290681249e-03
3.896036549608625395e-04
-2.622844120034636245e-04
-3.665380877425698928e-06
1.880713959805172246e-04
6.819024659237260240e-05
-2.729431308522801210e-04
1.018651245087612940e-03
1.867860546601105953e-04
1.465831383923711954e-03
4.285381718788311097e-04
-6.353132606871103333e-04
-2.838457965392299914e-04
1.122400414198858142e-04
3.696402744295780932e-04
-8.919392197559990827e-05
-2.147953910943673330e-04
4.938833642797337388e-04
1.037497337829968065e-04
7.066399912215177428e-04
3.035590613773487450e-04
-4.294836540302207905e-05
-2.197786295868876241e-04
2.775422409834930144e-04
-8.716029181341953744e-05
2.399739034826634269e-04
1.261899733262562297e-04
-1.813546197094725659e-04
-2.105146091964695801e-04
-1.424904090351836734e-05
1.129926264296453710e-03
9.017348540252188805e-04
6.346073038776821633e-05
2.006658439308344128e-04
3.497221020401562828e-04
9.741793347543093807e-04
2.613181352080376583e-04
-5.672194837388032373e-05
-2.553019652782124917e-04
3.256514395710198725e-05
1.857385427968115562e-04
4.043339443270537343e-05
-8.786303133814630682e-04
-2.667319069948906083e-05
-7.344676382399945328e-04
-1.472658036118050561e-03
4.915201268444513482e-04
7.101414680927535160e-06
-8.658386153637112810e-05
-6.899636602179715821e-04
3.278806494116268079e-04
1.462361203338301675e-04
-9.698379964665317706e-04
-1.219965849703836310e-04
-1.204439309022946629e-03
-3.351603885668327722e-04
-3.206084040184374161e-04
-6.589480088711232848e-05
-7.132374724154453335e-04
-7.134702287428644236e-05
-6.661651356263645525e-04
2.934677500672270051e-05
-2.664252015798917401e-06
-1.207704827823510949e-04
4.717386616702456958e-05
6.737042265317776156e-04
-6.644825726462611783e-05
2.837363614683751246e-05
1.220670228757636565e-04
3.039935837644637041e-04
-1.729896217080133518e-04
-2.512097956859506804e-04
2.019090972258689380e-04
1.844649136990530373e-04
6.337696792355337135e-05
8.591517081773697946e-06
9.452875252077197401e-05
-1.202700236407866063e-04
6.730898583651780684e-04
3.329564315444425706e-04
3.826573793325150578e-04
-1.005406885640937868e-04
-1.227968520669064467e-04
9.189901191567791247e-06
1.850586158237785029e-05
-1.803823838909836738e-05
1.508564671780929508e-05
1.307127939400836846e-04
-3.278407432572460383e-04
-3.129786691528946589e-04
-1.729222926855357152e-04
-1.822086884488645136e-04
-1.402371927795413326e-04
3.948649108668454970e-05
-1.559084988354214683e-04
1.834708533153491840e-04
2.424408234745788258e-04
6.748738834651690376e-05
-9.440583894161882670e-05
1.700932638924023278e-04
-5.743036262001350060e-04
-2.024700380407792714e-04
-5.956119827556977976e-04
-1.820894651156476543e-04
1.507565551254763127e-04
3.142392860529299439e-04
-5.842708493400825464e-04
-4.089093538784020570e-04
-2.946657429501291101e-05
5.815873944487931816e-05
-1.194332689009312186e-04
-2.862115248892626164e-04
-1.480052675413709917e-04
-6.176025509892653896e-05
-6.768942946103207999e-05
-2.156387738721259653e-05
1.223942914277503476e-04
-1.956392707683227294e-05
-2.579512611759490022e-04
4.138579697383920907e-05
-4.256159943750517649e-04
-2.431332996413787008e-03
-1.203325975050046877e-03
-2.677552544426614937e-04
2.097558179235971921e-05
-1.130474474420668812e-04
-1.975310777523207797e-03
-4.445174548209748409e-04
-1.174163972659113855e-04
4.505374200324121073e-06
-1.675952527044688521e-04
1.238609087166162200e-04
-1.707363826499181531e-04
3.014793906391008242e-05
-1.449081442804580464e-05
-1.903991473459911528e-04
-1.044488516140836551e-03
-4.387577213035593758e-04
-1.526087531186273163e-04
1.926899752596954141e-04
-4.678145805847948573e-04
-7.534712409385473488e-05
-1.085224797069238035e-04
1.222958997964381173e-04
-5.058331030595433281e-06
-2.140467741249833916e-05
-7.068172189320451196e-05
-1.610778759458126859e-05
-5.174649459100801670e-05
8.716455760170754483e-05
4.100227569603628387e-05
1.688043348019951744e-04
3.221042217415784727e-05
-3.148397918582785591e-05
-1.037835460655440659e-04
-1.453941789000334295e-04
1.782121435653839835e-03
2.624884684377946963e-04
-1.702334592264282006e-04
2.987047152266549249e-04
3.993717644751625172e-04
9.183959361583512700e-04
-1.113397914077778929e-04
4.056879658975688033e-05
-1.466344290347506305e-04
-1.118059699172740235e-04
-1.109278117733421672e-04
1.236227788394407925e-04
-6.166891993366422622e-04
-2.157256233095495082e-04
-8.071899050181343674e-04
-8.377833931515508504e-04
7.614859963163784703e-04
1.371833440973613673e-04
-2.081511970661922828e-04
-2.195185152354117437e-04
1.319458583474997508e-04
1.494074943891503064e-04
-5.045483249794930312e-04
-1.642159144573197079e-04
-9.961816460842248117e-04
-8.111083089843679856e-04
-1.448662891209567003e-04
8.060775393448421579e-05
-6.942389381527764008e-04
-1.246957175429619488e-04
-5.763254882020077191e-04
-1.135211509430881333e-04
1.253136116419659954e-04
-1.863258735948824304e-04
9.145823394132090246e-06
8.541225073089969136e-04
-4.356487086367933021e-04
1.779517381253737068e-04
2.300187286643714277e-04
3.079442540762396935e-04
-3.590458920900851275e-04
-1.898287375011044700e-04
5.085405171439423945e-04
8.950105272435012296e-05
6.918395190089451701e-04
4.306150393405686950e-04
3.187945083286379284e-04
-2.270870049414739906e-04
1.226156519429006482e-03
2.901651234954947525e-04
9.422235434032553980e-04
-1.213855602526092698e-04
-5.176259669760961376e-05
1.615061176848811629e-04
9.563278400290711853e-05
-4.873418157944949268e-05
7.994234521883504638e-05
2.529109465191325653e-04
-3.987892713262696453e-04
-3.013891311803574267e-04
-4.924443434193287445e-05
7.659596027900802506e-05
-4.274893949650498417e-05
1.108360852155725344e-04
-7.004664310405546879e-05
1.202311285524600398e-04
3.213565480705146628e-04
-1.032919770873189292e-04
9.868547518758853177e-05
1.817258039193557940e-04
8.853688585807441367e-04
3.743012751961548789e-04
-2.333945929852988799e-04
5.988838793529970808e-05
2.394613558697285998e-04
5.903084889427545568e-04
1.611317280593853893e-04
-2.565690197830367160e-05
-3.152042035142507123e-05
7.588804470226577666e-05
3.695485724687337328e-05
-4.468513387874327946e-05
1.596888060315389377e-04
4.966797278066596044e-05
2.215664028716735751e-04
5.159264983062476035e-04
1.642828709270210909e-04
-1.305943321125167041e-04
-7.534492287886312176e-05
1.471033273774150169e-04
-1.556299293684985647e-04
-6.491865583497124137e-05
1.934271591484618277e-05
3.386247173995922486e-05
1.605724572784463845e-04
-7.771614786066685199e-05
-6.005445273980230419e-05
8.434361090748345322e-06
-2.136876336393009093e-05
-5.420650551785046232e-05
-6.370175511222148166e-05
7.785756429522250109e-07
3.053921472792410822e-05
8.179402689700614388e-05
2.772464000846342605e-05
3.705290716966343906e-04
-3.986428425674813300e-04
2.856723826583976969e-05
2.551944705725553517e-04
7.910822529147533758e-05
-1.358768915547171495e-04
4.521907096240312409e-05
1.460948806748834565e-04
3.277144970469418676e-05
4.006205363294029504e-04
6.427264168121733573e-04
-1.087752663171317906e-05
-2.345709282958901882e-04
4.767843752354893896e-04
-2.744663634848734641e-05
4.379923713194930606e-04
9.643948831950442354e-05
-2.248592167800524081e-05
1.199368503400535368e-04
-3.280469154272557727e-06
-1.377304132040731686e-04
2.506777168479644574e-05
1.741636200044794714e-04
-4.693482007120656401e-04
-1.536012509117407206e-04
-3.877952491888716547e-04
-2.852164689581125108e-05
-1.677384743694121448e-04
-2.573085337312003870e-04
-1.914133872804335849e-04
4.903262662055803465e-05
1.820272264376888549e-04
-6.961214141698040419e-05
7.556765254230665121e-05
2.501383368218011998e-05
-6.416480733229300911e-05
-1.834736273373921542e-04
1.324613186284391488e-04
1.261458710560113973e-04
1.507028413590797724e-04
9.226993083915317360e-05
1.333444662228735697e-04
1.736239594970978236e-04
-8.286123951050569896e-05
3.883820324336472758e-05
1.405082541707772432e-04
-1.342648809215343006e-04
1.136905614533173343e-05
8.074084452568083576e-05
-1.817157523122051174e-04
2.253617782319897959e-04
1.385023588836592370e-04
-1.225123145176579525e-04
2.193962806891953140e-04
7.064513976646586921e-05
-4.107614925612346852e-04
1.588497747434952385e-04
2.506064961564958855e-04
-2.702715599022110084e-04
1.166626003282190499e-04
-3.379555332278030844e-04
-2.084943966915439118e-04
-8.223629339659410556e-05
-4.098824398272431246e-04
-2.049660161869474825e-04
1.662524961084556200e-04
2.419587631678923423e-04
2.507236122958834339e-04
1.456396813567831477e-04
-1.893463172604351670e-04
-2.574620093960313391e-04
9.875135031602071600e-05
8.341181390727560633e-05
-6.083282748059242700e-06
2.046376537476818022e-04
-1.085077234922957463e-04
-2.887776994885365273e-04
7.341475165251179686e-05
-2.648661011378596378e-04
-1.753333728174020145e-04
1.635148190175253155e-04
1.686320708396902006e-04
2.863218082197186072e-04
2.795113310996799280e-04
-3.123006081787713974e-04
1.895732239583770265e-04
-7.622500926910155499e-05
4.174755030329310615e-05
2.261064068987823342e-04
-2.796978288016323884e-04
-1.316372219734796500e-04
4.931928776767689532e-05
1.002555692218571714e-04
5.979991244335091830e-05
-3.430194022654081210e-05
-3.604385736615655912e-05
-2.109553738049118376e-05
-2.863009391678533768e-05
3.782600425088639964e-05
4.484614130974217089e-05
1.168402569980239729e-05
-1.313246040321689465e-04
-7.391891688732742105e-05
-1.661073007650849706e-05
4.020335818418092482e-06
1.786320138188969816e-05
1.661927561798154964e-06
-9.710260429044201931e-06
-1.228606241387795549e-05
-1.739962331559541102e-05
-2.634507190948223029e-05
-2.416628589892852902e-06
-2.027467536140540683e-05
-1.075492663918504187e-05
-3.413497987208606105e-05
-3.994884138032582819e-05
1.263655485439395607e-05
7.318079262798692589e-06
1.405635600978256928e-05
2.397587143832302894e-05
-2.165804543237620931e-05
7.329796586322291596e-06
6.498584409917411821e-05
1.065895624146968984e-05
-4.737507092358071508e-05
-3.568143145764483128e-06
-4.024336977418518322e-05
-1.188270240261158874e-04
-3.237361357649269075e-05
-1.334404622970343361e-04
-6.256229840657363632e-05
-7.605757467449024093e-06
-2.924259524656967803e-05
-2.413403968662922229e-07
-1.682103343598131831e-04
-1.194768004619835544e-04
-2.067727988590499879e-05
2.054778613611788466e-05
-5.574190480485772669e-06
-2.147152907217590647e-05
-1.067002850131349513e-04
1.630163627748822905e-05
-1.070707840274827711e-05
-2.619254312999018703e-05
-1.046853962369462172e-06
-1.401123655281788339e-05
3.183648581805132008e-05
5.495313682655781385e-06
-2.876345012149068766e-05
3.770111523486532098e-05
7.717748485397841465e-05
9.376360025004871145e-06
-3.586077362750241752e-05
2.137575141526919725e-05
-2.121607738246082610e-05
-2.081213740115774545e-04
-1.367372701050634807e-04
-3.390710752343268860e-05
9.462856283155296274e-06
-1.157545412066067043e-05
-5.829486714677658594e-05
-2.359040783972467259e-04
-6.788363803667994082e-05
-3.986418916331747306e-05
-1.713657245397807010e-05
-1.391231469968174573e-06
-7.398486501005513622e-05
4.547175786847557576e-05
-2.021819173321584708e-05
-4.142949385733192720e-05
6.727882587195938240e-06
3.129532641725887491e-05
-4.104260477070967810e-05
-3.963125777073067629e-06
9.550939471998879735e-06
3.971736640638493809e-06
-9.682833797009439034e-05
-3.295312838360972714e-05
-4.588502239109354196e-05
8.645974935298031213e-06
5.705897252210717721e-06
-7.731673006933875399e-05
-1.675808715845118302e-05
-2.994022119594206749e-05
2.532373658190390605e-06
-3.170057419912128865e-06
-9.168483922207113412e-06
-2.632821074539990044e-05
1.820541069376707297e-05
8.544929216113566174e-06
-3.927257794244684599e-06
-2.482288672074166381e-05
5.127876249588796519e-06
-9.825658695241204057e-06
-1.125431065195489218e-05
-9.198406053196135277e-06
-1.926863652050965291e-05
-9.080638437824457319e-06
1.955615060524395091e-05
1.459597825680139777e-05
3.909530395289293772e-06
-2.342585812898884424e-05
-1.957807216944126854e-05
-2.274062622196331167e-05
-1.456862457226780083e-05
7.347245318185497674e-06
-1.484055112537919325e-05
-5.080760763359610157e-06
-1.117678768137146542e-05
-2.233659242600619181e-05
3.762678776446277600e-06
1.059154096987623475e-04
-6.493775322474575062e-05
-4.965401371736877592e-05
-3.440819308651729490e-05
-3.440398667252106624e-05
-1.798187696750280695e-05
-2.067776021242910152e-05
5.407919825626956415e-05
-9.338801724337160112e-05
-5.497993391960039657e-05
-1.123831282320202082e-05
8.711357804251586542e-06
2.936618577506286076e-05
-1.371170111753226796e-04
-1.846497456778752142e-04
-3.033161599248442221e-05
3.373961081659757489e-05
-1.329162920907891669e-05
-1.996178285970486843e-05
-9.811924488858709723e-05
2.939910844759430639e-05
2.428870544644888142e-05
3.602134978681555312e-05
3.805680188219178123e-05
-4.708480629283119742e-06
-1.453359970286711479e-04
-3.969177046282165819e-05
-1.209602025971528067e-04
2.928103330983131570e-04
1.470032004188107945e-04
-4.238307253367207256e-05
7.038154761238236825e-06
-8.832933622679442343e-06
3.435862872708888395e-05
2.233834157130944675e-04
-7.654092700615347565e-05
1.997683916360576723e-05
2.735718970705028626e-05
-1.375322552373690282e-05
2.778776893868530802e-05
-1.513680848190971989e-04
6.679325981657405328e-05
4.529992951164191266e-05
9.704118133681160943e-05
7.559006634505468028e-05
2.022053029538097772e-05
-2.201538215234835497e-04
-4.683161271614190153e-05
-2.220843826770818054e-04
-1.163915236724107505e-04
8.192147127763176441e-05
5.622136059014854977e-05
-5.879435804658124539e-07
-2.448762092750954810e-05
-8.336637448397535180e-05
-5.413248708529019534e-05
3.159847758104690512e-05
1.974764653944415356e-05
1.648753062189145402e-05
2.657092963403376583e-05
1.920719720391925162e-05
-8.563237016145112881e-05
-2.898063905132755217e-05
-1.313766705202941247e-04
-4.270084507492356000e-05
-4.181730683778300188e-06
2.328297449938975758e-05
1.197724992044283316e-05
-4.955696416984962314e-05
2.761430890028743187e-06
2.530749881383696954e-05
-3.236954344874305278e-05
-3.450761555523414485e-05
-3.792148608472458007e-05
-1.459646200370244130e-05
1.573064179903964401e-05
3.156834465933460100e-05
-1.199494420006812893e-06
2.608858525895484337e-05
3.108474217440088606e-06
-2.512230809432099832e-05
9.647652088480998485e-06
2.212420020210615140e-05
4.935826091624235458e-06
-8.833003370993411200e-05
-1.572833894198417016e-04
-1.582008557992738572e-05
-1.420730487706919425e-05
-2.199292706367186778e-05
-4.015378821652558440e-05
-1.329477122818457956e-04
-5.135364316042648848e-05
-3.877778537576947603e-05
1.212326713207371328e-05
3.458253114917152915e-05
-7.458022484152673868e-05
1.027821029847915891e-05
-2.090602713659383066e-05
-1.422005226388114103e-05
1.180393785808281576e-05
-4.620993646758079923e-05
4.853664743345184891e-06
1.633023657523412719e-04
6.294533240399049846e-06
9.585084155431023204e-05
2.487114436758713627e-04
-4.813485676822131404e-05
-5.237864874641399651e-05
1.741317543992424672e-05
2.135442583305083389e-05
1.571713695113664138e-04
-5.161839048357795662e-06
-1.090907098216301854e-05
-4.038373448520176046e-05
3.232120002201674256e-05
-2.179975307151106725e-05
2.002516626776195088e-05
2.350704137308602378e-04
2.677218275537973535e-05
1.960004011323434811e-04
1.607343175554465004e-05
8.808689954688146489e-05
1.568138991745621371e-05
-1.663668184175972755e-05
5.552960032206631202e-05
9.405713370777043895e-06
1.072490075254816985e-05
1.239442920941870448e-04
1.623518447733658752e-05
1.316752691893389397e-04
-2.085542690405203876e-05
-2.605629184060410890e-06
-4.784352808743669734e-06
4.333888942801295748e-06
-4.939686291465045482e-06
2.716727228889838789e-05
-1.390299647582832934e-06
2.615839609801043900e-05
9.020847201124173871e-06
-2.070816321706994806e-05
-1.015518510197176312e-04
-2.356328793204504610e-05
2.799376364085548357e-05
-1.168192836405584562e-05
-1.983004357727001534e-05
-4.545670211396059214e-05
-7.002003925416203816e-06
3.684663546396713135e-05
3.320154179883185569e-05
-1.436862354932297677e-05
-1.505793683271980696e-05
8.045604483723081484e-06
-5.345857853651441935e-05
-1.498706610371437108e-05
-3.764420763362973891e-05
3.852878242056675956e-05
-6.244303126222161017e-05
2.113950402734879387e-05
3.006083866153465883e-06
-3.715910557837183160e-05
-5.546150614345028181e-05
-1.204519976895266590e-05
-9.438271206096237708e-05
-1.082153807674831731e-05
-7.116410174763435049e-05
3.010987605476030617e-05
6.362001494336488866e-06
3.029262361267911542e-05
2.694339910299569205e-06
3.808211792170818191e-07
-4.522774601807056684e-05
3.946241578008631542e-06
-1.541802425198064605e-05
-3.045007805688545359e-06
9.822540354988308761e-06
-2.962633040882645574e-05
1.629259918582313940e-05
-1.458764451938188663e-05
-1.313356912479807967e-05
-2.931289826210742157e-06
2.639470910736800024e-05
1.821525997484999817e-05
2.991396980989627889e-05
-2.159575232281781839e-05
5.252583802795057793e-05
-2.298904746677114097e-06
1.286720028976955051e-05
4.563656446054459781e-06
-2.256484531587594778e-05
-4.104212540065012771e-05
2.672097419196623730e-05
9.773129237383731908e-06
1.170407653153228311e-05
2.541641159051493440e-05
2.451169561116009150e-06
1.242035840772456312e-05
-5.045559788577402723e-06
-6.870770668289363649e-06
2.729917623169819077e-05
4.002011060728458863e-05
3.301195589291563385e-06
2.165283948707584440e-05
2.234632095273907226e-05
-1.059343288175809304e-05
1.516750359587233685e-05
-2.239938497436667222e-05
-2.881180720335264775e-05
-1.403995219830762274e-05
9.934541804984971361e-06
-1.528303350900362228e-05
8.583417458783586566e-05
2.843455073101741642e-05
6.946534659792748246e-05
3.954762062346784567e-05
4.261755046815635331e-06
-1.582471615247830216e-05
-2.839646523540070432e-05
8.535063212830578262e-05
6.744098266525455155e-05
6.202915847134182654e-06
-2.667426388919244199e-05
-6.532451679301909094e-06
1.383162821161813733e-05
4.875181347591306971e-05
6.312351916758914809e-07
1.696773147018157019e-05
2.129026447431681043e-05
-6.708301822641025053e-06
2.375177405862848731e-05
2.063417439970575202e-07
1.118591359294599529e-05
2.932769257257460954e-05
9.347337497482222026e-06
-3.159198446878943054e-05
-1.688307125069883678e-05
5.207318419325518595e-05
-3.963042791943020848e-07
4.628230366490285625e-05
2.664220976521600040e-04
2.154216091152425210e-04
4.103154835917608784e-05
-4.717023249454622338e-07
-1.801529833737735140e-06
1.374767834395567212e-05
2.995040421891895580e-04
8.466128908651067864e-05
8.480556943895943111e-06
1.744495518562401109e-05
-2.074419512263059765e-05
9.387512048378033333e-05
-3.600614576023730207e-05
6.766864610974517877e-06
4.078130385218444939e-05
2.049945479790522943e-05
-2.563924295564833612e-05
1.892990083240294995e-05
2.795675294106911705e-05
-8.616140258604293317e-06
3.568556536885158310e-05
1.321060978782837372e-04
9.233892293329478058e-05
2.575190689460448221e-05
3.796015200280061100e-06
-3.514759333392733997e-05
1.079291619549637251e-04
-9.030377282416091742e-06
8.654751653233950056e-06
9.623081499194834670e-06
2.737708645218532783e-05
-1.123293920374332188e-05
2.418749885147409307e-05
7.700941700281427863e-06
-1.528297847723802621e-05
2.413441765011938334e-05
3.532283222619794717e-05
-9.332465141574967319e-06
5.377961345190277347e-06
-3.241946831020125061e-06
4.351319932938997903e-06
7.158581758919406466e-06
1.036535741150636274e-05
-1.679280404413987333e-05
-1.881923603451619566e-05
-1.751205462979538857e-05
-1.030156188864007950e-05
3.979517489651458962e-06
1.213161175098234782e-05
-7.352633860257487986e-06
-3.696852605482683888e-06
-8.665338792546833428e-06
-5.566112223181453867e-06
5.470049916128830696e-06
2.083518567695790547e-05
1.811710312176558854e-05
-1.798556873617825416e-04
-9.909813884362158275e-05
3.910776470372460847e-05
-1.692713665053699164e-05
-2.398485231188875611e-05
-4.678568584366245471e-05
-1.305582643252800807e-04
1.645695434553407971e-05
-1.750353885239938208e-05
-9.371570236087274262e-06
3.648995357597844955e-05
-1.882175855235793870e-05
1.069064193596558837e-04
-2.842002607688630218e-05
-2.802721996901309158e-05
-7.292809761885287855e-05
-3.580862765774934923e-05
-3.095001099262576696e-06
1.168958554601002572e-04
4.548109427525388404e-05
1.192543946756640110e-04
1.973674297194921636e-04
-1.082900810005868887e-04
-5.211534785444037318e-05
-1.300985784551262182e-06
3.177707578864106679e-05
7.873521615498701401e-05
7.225904753674984625e-05
-3.245900806950100214e-05
-2.423155021709313164e-05
-1.039837286927420488e-04
-4.070614852494460780e-05
-2.683696841810477658e-06
9.628071478286778870e-05
4.250226256057284603e-05
1.678350232324188319e-04
1.262676003140520515e-04
5.803151610971833121e-05
-1.544688271345700958e-06
-1.375711097517472899e-05
5.473913119497214841e-05
1.818952557933077718e-05
7.585953243590843374e-06
1.779234381360721791e-05
3.693876439449742400e-05
8.555158587295367493e-05
2.641505833290350695e-05
-8.983517987227944792e-06
-9.573102261439204717e-06
6.270928430118021726e-06
-5.349492814308642465e-06
1.386115703025127458e-05
2.698901572256438264e-06
-6.077670400600929690e-06
8.266835280589554690e-06
-8.663393342384513698e-06
-1.538169562611845279e-04
3.234552511746452229e-05
3.184144570149668768e-05
-4.817435452814826309e-05
-2.573885897710178193e-05
-7.135392085037478636e-05
5.609052018295249021e-06
2.699533342922617616e-05
2.614709219603500193e-05
3.782590934803393325e-06
2.550644720150173391e-05
-1.746550514382159107e-05
-1.223096228005461856e-04
-1.273837184453231851e-05
-1.116903625932579188e-04
-1.792626051532718873e-06
-1.214761695100368126e-04
-5.557278982877727221e-06
2.918695523991254859e-05
-7.754268036497548289e-05
-4.100518664708561594e-05
-3.329953472133299523e-05
-1.660312856115852686e-04
-1.777538825867101406e-05
-1.505492982414096076e-04
6.951751213618993417e-05
2.980759962735346461e-05
9.518890146023478985e-07
2.168689140898710340e-05
1.082364187159812042e-05
-6.402725513585036919e-05
1.114800103484027444e-05
-2.066758570595376274e-05
4.158203461947654545e-06
1.349278684066456630e-05
-3.476595395928170967e-05
6.124439333530909185e-05
-2.972324843663870289e-05
-1.961992546220336860e-05
1.478281990234873758e-05
4.349443729313607617e-05
2.908441275296834441e-05
5.107901168394100210e-05
-1.632261906290599757e-06
3.743070096463059769e-05
-5.333035670454823598e-05
-1.303938062429401367e-05
2.544940938312670561e-05
-6.777958513739080028e-05
-3.594798643931515980e-05
2.816758928829347870e-05
-8.321213725532992700e-06
6.085447108113656150e-06
2.453604317142702511e-05
-2.271563462330276320e-05
1.823200171640571859e-05
-2.435360801289270403e-05
-3.741949265338075922e-05
2.249914046348031702e-05
3.618271986127731771e-05
-4.146053788056944998e-05
5.534279692806413612e-06
8.229756707082445252e-06
-4.342942741560160309e-05
-1.430874219508998303e-06
-1.652053009929434953e-05
-3.570056807781271641e-05
1.888314759556795132e-05
-3.468463156069248422e-06
-2.233604043538940935e-05
-9.615175422704119539e-05
-9.392742000198469915e-05
3.065733973610768975e-05
2.229912456170401411e-05
-9.274756135868437819e-06
-2.518330247546611431e-05
-7.992824945047614211e-05
-2.721231670764829620e-05
2.624893504537510803e-06
2.033655557767472139e-06
1.986982053640495784e-05
-3.081429715839559399e-05
2.361640435331433961e-05
2.078775100292886520e-07
7.074409162142839793e-06
-3.038266903742601680e-05
-1.863013875575624247e-07
5.852966631103035087e-06
-3.809144338406762531e-05
-7.731060673999227341e-06
-2.780498513593267194e-05
-4.864267801011487526e-05
-3.723390111510666700e-05
2.033368221612762128e-05
3.971232110719402866e-06
1.728569866522416650e-05
-2.853855138984896458e-05
4.790211503516895471e-05
2.232311338142114386e-05
5.329026772366796875e-06
-5.943974520737024960e-05
1.571200035934932466e-05
-3.415673553623892133e-06
-3.289900105976266778e-05
5.395280311674946430e-06
-5.113971378132296694e-05
6.787810839888297511e-06
1.124401591867691546e-05
7.303155406357375094e-06
6.175133802952036208e-06
-1.450698614429927782e-05
1.121968877447001399e-05
-3.463175173637702498e-06
-2.234439620878631477e-05
1.928836844218409957e-05
-1.271875746684977116e-05
1.099004116776131084e-06
9.180590698395938522e-06
-1.434868703908604885e-05
-2.338969211741190107e-05
3.160608304067673610e-06
-9.712358863883296045e-06
-2.822965783462754409e-06
-1.374848565637568517e-06
-1.258733660896382141e-05
-7.492898843232802783e-06
-9.592892512503206214e-05
4.394992831690727454e-05
3.552404428908189699e-05
-2.035526004598744684e-05
-3.953142385740292963e-05
-3.521951147362854258e-05
-4.433322661851019585e-05
2.507102282818167118e-05
-9.934475002334549300e-06
7.141693608931944375e-05
1.555863346902796454e-05
-9.902067914567882966e-06
-2.403862770110436051e-05
-2.000123816285997156e-05
-6.072546377685967471e-05
-9.498126057430021911e-05
-7.350043403359939639e-05
3.297265244139842229e-05
2.101325810206046280e-05
1.547716136198287982e-06
-4.763487290707009570e-06
-4.753096006135562100e-06
1.973860889001584381e-05
-1.392369198471549881e-05
-6.316456748331456504e-05
1.150295462152216558e-05
-7.209946679023167855e-06
-4.500742710330132028e-06
6.601290210217452658e-05
9.427331209790662438e-06
1.709938384810394025e-05
1.285967438039407415e-05
4.743823858423616578e-06
1.085738760421641601e-05
1.070333505477001645e-05
-1.073983094055249298e-06
6.261815446112256513e-05
-1.285381811377658397e-05
-9.871582825680593005e-06
2.122387993642123652e-05
3.474560559847863887e-05
2.141936508504331530e-05
6.868862897455148221e-05
1.128088376186944854e-05
4.501780070129742656e-05
-7.099086707819297372e-05
-9.837248057115798475e-06
4.758653400119154718e-05
-3.823268453259009915e-05
-2.039561987166691541e-05
3.009460984581745441e-05
-1.833165295770971588e-05
-9.788105470550208121e-06
4.668330397188197054e-06
-1.280413988412805549e-05
2.499686085987943017e-05
-1.777248890449913880e-05
-2.901816041399837796e-05
1.879314784688259545e-05
2.862873058989373910e-05
-6.724867036027942816e-06
2.013146852811689526e-05
2.630742679230435216e-05
-1.257844280548199296e-05
2.110606991157351335e-05
-7.170294159250124883e-06
-2.349592277131684148e-05
2.761694794596159286e-05
-7.460859358388799942e-07
-8.557111203256157026e-06
-1.258029877416022101e-05
1.747408834297246622e-05
2.182725453218350040e-05
-2.029440608682552878e-05
-2.268276637523016046e-05
-8.688752638579506980e-06
-2.448238121297912565e-05
-1.174130133752852803e-05
-2.567726020550206793e-05
2.824708800290213120e-05
-5.863694159787899841e-06
1.225857860285950077e-06
2.129162059572001935e-05
5.092232286620189628e-06
1.877662105790132223e-05
-2.410973319577450574e-05
-1.696628048609964774e-05
6.181701593485971383e-06
-8.818494212624931704e-06
2.204044710896530175e-05
2.003937532360838766e-06
1.096315569292915715e-05
3.375739832603102914e-05
-7.497741839617963114e-06
2.465635978456522060e-05
1.315476875204110817e-05
-4.682681003534648770e-06
7.743173109836866440e-06
1.814341538360346546e-05
-5.161870846254368219e-07
7.119851637633837310e-06
8.244813702507996334e-06
-5.988452627355163164e-06
-4.040964203090864396e-06
9.038635992317286118e-06
3.504932301515032225e-05
3.912604407501859595e-05
-2.429308428141312636e-05
-1.247096789908595376e-05
-1.620694366643880076e-05
7.267511385076351113e-06
-8.332306415450747646e-06
-1.811482867259667755e-05
4.274259089906617510e-06
1.667368279449576941e-05
-3.593549618107105050e-05
2.947387963092607552e-05
1.226936700067423097e-05
-4.997104595870965676e-05
1.596259288883545983e-05
3.630088354817985733e-06
-3.358874225698210583e-05
-1.645794861106222881e-06
-2.476184798099303666e-05
-7.459582347828331447e-06
1.436864601130865806e-05
-2.237409072746537571e-05
-2.812850099624569539e-05
5.202140024627961483e-06
-2.659083127835821592e-06
-6.976165206027843249e-08
3.238790572087244050e-05
2.856959003032153420e-05
2.318191051361761772e-05
2.642188953630419788e-05
-2.294529669178053017e-05
-2.876397471368526181e-05
-1.569310136959897758e-05
-2.144360177076997862e-05
1.976285826533256105e-05
2.366265134156763747e-05
2.084364346840687093e-05
-1.655542116735046935e-05
2.379172205091837741e-06
-2.679740039560096662e-05
-1.647628417816757626e-05
-1.469712848969199179e-05
-5.477503689007620890e-05
1.973800907708226337e-06
-3.312880050576517564e-05
-5.903264035409847017e-06
2.989698652940644448e-05
-1.022850637467094668e-05
-2.593728752376784849e-05
2.269829930188820713e-05
-4.841934106148622114e-05
-3.106225768756594869e-05
2.483734245622659407e-05
-3.337768490864339319e-05
-1.567701256251873953e-05
5.473052155695243813e-05
-2.537186123847125728e-05
-2.387015254478001017e-05
3.929582326054551888e-05
-1.544480070924382251e-05
3.020839976731656332e-05
4.641880273266299673e-05
1.959109820002766893e-06
5.338718661919567823e-05
3.244529374169849141e-05
-2.306639292501567730e-05
-2.431534936372744499e-05
-2.752243617776056482e-05
-2.064107332181499364e-05
2.646859236713666378e-05
1.456750968375463133e-05
-1.286433606280500610e-05
-2.514238197644922274e-07
1.381046728016816744e-05
-1.622217126736359772e-05
3.133518349080678141e-05
3.787890680513511700e-05
-1.428326026493946623e-05
4.139904925366501086e-05
2.426630130714977051e-05
-3.112842229945386702e-05
-1.507738117020958892e-05
-3.999030698478767598e-05
-4.336081730909632879e-05
4.170907933699315520e-05
-2.034994033308220397e-05
1.081964231466513400e-05
-2.723729006154842962e-06
-2.595557297938472455e-05
3.164780872610973157e-05
1.174200803593430276e-05
-8.483669299478060415e-07
-4.970485431381863923e-06
-5.212239088436397475e-06
-1.316566682752153264e-06
4.890690041503218262e-06
-1.393788619145004638e-06
2.578602478238588069e-06
9.458822489286796165e-07
-2.718401403817680500e-06
-1.149237170968774125e-06
-3.006122585360513721e-06
8.201688380922492105e-06
7.641384535478165058e-06
1.793355665518621820e-06
-9.509333158429012929e-08
-4.143484766885561849e-07
-1.490927465603195653e-06
-1.036905744745983245e-06
-4.804320465004719365e-07
1.080255912973576712e-06
-1.855149880663184579e-06
1.103457300373540480e-06
4.993560253685038803e-07
9.499561888091490878e-07
1.040241985606265053e-06
-3.344975274603571156e-06
-4.724716165563418612e-07
5.011908098957799208e-06
3.346161138920417863e-06
-2.617453355432996701e-06
2.280988090119663361e-06
2.417238651435686684e-06
1.652479796944993617e-06
1.388456281553215895e-06
1.395447410669679329e-06
-2.167831412015203649e-06
-2.030560050135913863e-06
-3.945826968191348954e-06
8.476466750587994975e-07
-5.818402026423044675e-07
-3.508005061409608359e-06
-1.033233276042435841e-06
2.010976053171856792e-06
4.709337540369660079e-07
1.838403452933226252e-06
7.756710962940609283e-06
3.364499008574018915e-06
7.853986422261871860e-06
7.279947329895023732e-06
2.404758770719009827e-06
-9.268245182001506705e-07
2.790980831138113029e-06
-1.257528551153724141e-06
1.236991485098500976e-05
8.941663354072700972e-06
5.765164074962673483e-06
-6.779589335920955443e-06
2.199736107616943742e-06
-1.408421739002281394e-06
2.172681781029165726e-06
9.467352672247406075e-06
-5.470311272623042047e-06
-3.743464830387830058e-06
3.570307110621738804e-06
2.167838904575407172e-06
-1.356457955559430644e-06
6.811252476644126512e-06
1.697358831230065896e-06
3.295790649113211590e-06
1.770871497974619514e-06
1.276448981766380675e-06
-3.284185259043943894e-06
-2.885174458802311532e-06
-3.042766151876575804e-06
2.199492575458087416e-06
-6.214186443448613843e-06
-5.339663083668659572e-06
-2.678504420794809345e-06
-6.128393821776339350e-07
-1.065266731748489249e-06
-3.306555367976283517e-07
9.755426631918185786e-06
1.145821145211904146e-05
5.794448601184575642e-06
-3.122304689514585766e-06
8.266658334517334723e-07
2.313308451516669027e-07
5.103728651687902355e-06
1.636161109017436805e-05
5.844770910135747265e-06
1.631970573180140491e-06
1.411080868602581335e-06
1.908281246810787089e-06
-6.467270299511614511e-07
9.781879102984940180e-06
-5.153792692346790389e-06
1.265388255616930783e-06
2.342422006811665726e-06
1.864335498037273584e-06
1.289188444227442202e-06
-2.081266010958908245e-06
1.046664080779471277e-06
4.462139360258209173e-06
-4.272290289177685892e-06
-2.198308220119316817e-06
6.993466717651222339e-07
-5.292522327738487301e-06
-2.230417363443180608e-06
-2.410278186238207150e-06
4.783201567323855076e-06
4.015615821013305871e-06
3.676583246608392088e-06
6.108013788661903569e-07
3.386059041390568205e-07
-1.861699857363244480e-06
6.829942114563432464e-06
-5.752346546985566919e-07
3.453991351067972228e-06
-1.082845961029926096e-06
-5.278110183890622435e-07
2.809482181465766906e-06
-1.101169159392736328e-06
2.616151112469542280e-06
1.737727828613493304e-06
-3.213659246412165818e-06
-5.645604567487937293e-07
9.113764148971721765e-07
-3.803027126082939546e-06
-1.691817318011887026e-06
-7.006710312312598680e-07
4.157614151246523004e-06
-2.383371158520741567e-06
2.420343844307818285e-06
-1.660966420760114251e-06
1.868200848265656709e-06
2.156396752508666032e-06
1.989034079884811613e-07
3.720151024479649538e-06
8.330399361679332084e-07
-1.571103569596639217e-06
1.004609589686909666e-06
1.323248979350574174e-07
-2.477997150230333106e-06
-1.153936299792262675e-06
-5.846216221864850608e-07
5.110139423058027437e-07
-4.662584556859288702e-07
1.698354648834417381e-06
-1.794140537224221731e-07
-2.790484585097404758e-07
7.629057952072119859e-07
3.323708477774928191e-07
-1.110865351758811095e-06
-1.161600947619285236e-06
-6.051788268945810620e-08
1.544425658117199388e-06
8.388722926527539727e-07
2.818442462063385237e-06
1.816305443902022991e-06
-4.408656396483419002e-07
1.538046777139637504e-06
-2.667464034816220913e-07
-1.373612275567845921e-08
1.928878042201076346e-06
-2.323241641740493051e-07
-6.993170646936249074e-06
-3.552463984524212261e-07
3.385312872785979778e-06
2.013830835701024623e-06
1.655209306360829187e-06
1.764079042617530188e-06
7.899029414131880982e-07
4.505160906308514956e-07
-9.170785632913454634e-06
2.718375319115831365e-06
2.758799963077868300e-06
1.090233237207356556e-06
1.981840733727534150e-07
-1.566578020084458668e-07
-1.273973811654567129e-06
5.820979440834228988e-06
1.384945868092914957e-05
4.351222251688542371e-06
-1.323544152803237511e-06
-1.502479736780207964e-06
1.908063505278421486e-06
2.986747548345751047e-06
1.719199522908648826e-05
2.842057961979490413e-06
-5.803360382699909952e-06
-1.750090525960482868e-06
-7.277696896877691698e-06
-6.071527152817956468e-06
-2.340308814561380677e-06
4.123947606423422053e-07
7.781818077801461736e-06
-2.592365598679983530e-06
1.273068142078932870e-06
2.077097820581368641e-05
5.569438156424889000e-06
8.851804723810656250e-06
-1.157506271429073262e-05
-1.622501437595590869e-05
2.656138062905293644e-06
-1.216209952087329091e-06
8.417848426709444319e-07
4.843560274834429081e-07
-2.587628036083173619e-06
-1.330261402153833714e-05
3.032747410389919782e-06
-8.984479530743243230e-07
-2.756825293697467015e-06
5.774103007187573214e-09
6.965797804010456993e-07
-3.854809927427746595e-06
2.690671216444166236e-05
2.766950651858828903e-06
-8.582570429745287334e-06
-1.659992992134503940e-06
-1.388724553328211078e-05
-1.096904976343801061e-05
-6.386362152518544562e-06
-1.712450430460964101e-06
1.488120352537193037e-05
-6.173739940647125025e-06
2.083657012927350278e-06
4.684756840024813398e-05
9.765294710578542979e-06
2.218833448787427615e-05
1.198337122999117004e-05
-5.979034920930880201e-06
-6.336538383102093118e-06
-2.268509416025574282e-06
1.959208090197010691e-06
2.123414884810169718e-06
7.658002882889924435e-06
1.103198025052821794e-05
3.107146975705017827e-07
-2.334562822764049217e-06
-2.143106671289829236e-07
-2.006819758945340321e-06
-2.272627282281617838e-06
-4.659972858883506896e-06
-1.308318163216691316e-06
1.024345839789499028e-05
-5.527151227658226334e-06
1.770314108598854783e-06
3.547704878620430339e-05
7.276979233527057259e-06
1.960768564337230912e-05
3.810540010142242941e-06
2.789240725859556055e-06
-8.554895140518701570e-07
-4.934540497195856024e-07
-8.567695018801595635e-07
4.769421932580064218e-06
1.622496515310911160e-06
-2.835056694903402991e-06
-3.109142383587786783e-06
5.809760504597586542e-06
8.523912437813244795e-08
2.522439659278770991e-06
1.306377726900132031e-05
3.242232585154936298e-06
8.657814521272004285e-06
-1.044176232832989419e-06
-4.947122967352365938e-07
-3.540192926906409922e-06
-5.517991904323062183e-07
1.717621672530743567e-06
-2.435792137299568659e-06
-1.580458339984448706e-06
2.448255695125142588e-06
-6.639723993024921442e-07
1.850096620224821706e-06
1.981543573571667603e-06
1.519964591237319406e-06
-2.709253124027591933e-06
1.038604425980045238e-06
-1.266647068910672579e-06
8.537896503828864456e-07
5.976673108638335418e-07
4.122885386467576566e-07
-2.311238033784567867e-06
-6.666256409534515670e-07
1.683692933828367897e-06
1.210575402275798741e-05
2.099054680748338655e-06
1.952793665201131320e-06
1.097624426600317203e-06
4.374813058273919403e-07
3.347517741556810249e-06
7.122133859733291741e-06
3.893695346584951997e-06
3.883418907332232614e-06
1.643260639506552861e-06
-6.349609291816350959e-07
-3.604676416107242396e-06
8.690084053285238017e-06
-3.526936504136826658e-06
-7.803837268597313679e-07
3.749093963795384311e-06
2.617001624531114708e-06
1.383475962923067086e-06
5.575949891160809290e-06
4.858811618561483287e-07
-7.837988799507946693e-07
-1.234372161809264120e-05
2.470651697713090277e-06
-2.042981827152440894e-07
-2.075316589038859365e-05
-3.552558798162504459e-06
-7.372939021176000899e-06
-1.689595656224308773e-05
-2.508525636923633977e-06
7.712161286081927567e-06
7.370686901817879160e-07
-1.315020254500853441e-06
-2.174116611376933768e-06
-1.697824722182482841e-05
-4.465023871913789634e-06
-1.735989591192256383e-06
2.706799701071807369e-06
3.298950904729012333e-06
-4.523844474815234449e-06
5.204947934950781302e-06
-1.302268962237895206e-06
-3.465278586910734084e-07
-2.430715484562900113e-05
2.709037117535232590e-06
-2.156069320054588393e-06
-4.143308051782260804e-05
-6.100646987427835455e-06
-2.014295488010950009e-05
3.413813680778024646e-06
-7.289311863875426521e-06
-7.883288274953753596e-07
-1.738956415520989393e-07
1.619764342197193050e-06
-4.196492996915645132e-06
-6.610626632767031017e-07
5.667385452400733512e-07
1.815045584320630094e-06
-1.868154167013120662e-05
1.053196808646181738e-06
-4.471279967756104529e-06
-3.528371095614447520e-05
-3.356213546893796743e-06
-2.067164996659237735e-05
2.717904385204851507e-06
-9.195269727302840172e-07
1.427339653823803102e-06
3.850136213757687871e-07
-2.311783830051170996e-06
2.407636609165228771e-06
-4.385749109383029832e-07
-1.241013100330924231e-05
3.213789638459303130e-06
-1.040552855406422603e-05
9.994890263281728824e-07
-2.125662558466256650e-06
7.431122395393217171e-07
-2.736967974261127856e-06
-7.164991789607137946e-07
-4.546243947657866828e-06
1.367681749447453645e-06
-1.557581232840406844e-06
1.068655406804320093e-06
1.343107199721690353e-06
5.605334954075683973e-06
4.591472787228564712e-06
-2.798070220098261240e-06
-2.470844291137513645e-06
2.075678852184799541e-06
1.057493804662239802e-06
4.041187794264088709e-06
3.055663570108785725e-06
1.765202720386142598e-06
-4.482148675518351449e-06
-2.067421809960020066e-06
2.736591895880140197e-06
-1.540090533058220965e-06
5.164812406176502591e-07
-1.647304080887061889e-06
8.865552569289719654e-06
2.445704103851091397e-06
-1.690855602046259562e-07
7.775346474589030668e-06
3.077617919587756871e-06
4.056510420787052996e-06
-6.296808132588826668e-06
6.223367197067964134e-06
4.049285269735622659e-07
-2.371337541925087646e-06
-1.257363208312680698e-06
1.248625074105298798e-06
2.262451183547035890e-06
2.775058980257468344e-07
8.435574234139320711e-07
1.629078525245865672e-05
1.329510834922901112e-06
5.582617635561559175e-07
1.860504008163412675e-05
2.727945850821653563e-06
9.501589872369915708e-06
-1.764886500740079135e-06
-3.197092607885442322e-06
-2.157355799363658505e-06
2.505286030292453167e-07
5.901067874277586525e-06
-6.608821735929801521e-07
-7.152837159862879825e-07
1.554089522632882495e-05
-2.139896932191266530e-07
1.132635733272381285e-05
7.594379051306275684e-07
2.002037564152869492e-06
-1.014251635071589711e-06
5.657440197527744991e-06
-6.274960220011354442e-07
7.279257943031696321e-06
-8.501529915076268153e-07
-1.403171831114182326e-06
-4.093626389863345511e-07
6.305003221008429165e-07
3.526927359386985100e-06
-7.912907290154979346e-07
4.700938825864405572e-07
1.280472636554626067e-06
1.753328850100954523e-06
-4.949830070965705488e-07
-1.009743772701627896e-06
-2.255518753508961762e-06
-8.034668505489227083e-07
-5.445717874287263230e-06
7.902774622606571955e-07
-2.663190844743451384e-08
-4.438466098658231414e-06
-1.159841874959838846e-06
-2.661893515087773115e-06
-1.037569162279918737e-06
1.787727401890612187e-06
-9.819696023253740846e-07
1.110824644418075612e-06
-4.744290257805334534e-06
4.167614174708533407e-06
8.638935455384738632e-07
-7.595935661770825458e-06
-3.682153913227674178e-07
-4.231060855894502382e-06
-2.639536665897455345e-06
9.351146862552074985e-07
-2.577746454594088645e-06
-7.565424210867749642e-06
1.083838336895844963e-06
-5.278426350685985957e-06
-1.306795219316757338e-06
2.290155346209134254e-06
-1.481407187913100288e-06
-9.108944426534221720e-07
6.567012874076340839e-07
-7.689822438413867626e-07
8.659803626685536479e-07
-7.356487021192164491e-07
2.955704511194632378e-06
-1.482888908535053582e-06
-9.806427241151117311e-07
8.302707391983813266e-07
2.479196415475816242e-06
-2.720190205829160721e-06
1.220485825829342388e-06
-2.276385647843750327e-06
2.594593378645990861e-08
5.050215130922059722e-06
2.474273929891381844e-06
5.630555339217679442e-07
9.132960403640387074e-07
-1.286447387761959426e-06
-2.667616474405050231e-07
-5.376484452363112048e-07
-1.683640088841236921e-06
5.225475049076869937e-07
5.669728225664814674e-07
-3.372824081068222287e-06
-3.743393860893719482e-06
1.989048514240524160e-07
-2.691476841711832658e-06
-1.704990578758865395e-06
-3.095729792649864146e-07
-1.031563543153370557e-06
2.591610850681467298e-06
2.441978582340895713e-06
2.102775270259710765e-06
-3.434785410156261604e-08
1.368951394070427256e-07
-5.898152698047250738e-06
-3.428756964872995623e-06
-3.936353767437383905e-06
-3.946946392918349737e-06
-1.062394568333569171e-06
-2.528733197529073471e-07
9.865828636281795325e-07
1.362310684529901768e-06
-6.522401771140419618e-06
-6.104755345021813310e-06
-2.667603444353729307e-06
3.328931216089487927e-06
1.500267157452528236e-06
1.004153982333883653e-06
-8.386130542521460687e-07
-3.473846178131831467e-06
3.284089184657418877e-06
1.551414863219590438e-06
-2.348762223176377816e-06
-6.691667399827557152e-07
1.974255098954589883e-06
-5.013212931643734161e-06
-1.345348346534301496e-06
-3.012583701292397281e-06
-3.154543444603712227e-06
-1.292110623225288295e-06
-6.817631017910138682e-09
-4.623354508107878863e-07
2.029806891940338008e-06
-9.482135400531820972e-07
9.983156847688947626e-07
1.302155949313631714e-06
2.492251380475016152e-06
-1.466873163265818888e-06
-1.677771547757643729e-07
-2.243665074763264722e-06
-1.232507489040870878e-05
-1.721245411389821220e-05
-6.206188408355639764e-06
2.082861347556301667e-06
-1.129708775544903626e-06
1.181184620137531810e-06
-2.318042462044345305e-06
-2.009806506729602989e-05
-4.776678418631380688e-06
1.222073781585439991e-07
-1.157215002760322936e-06
-1.837329236425378183e-06
2.589889459524664022e-06
-1.256544491389465714e-05
2.710202551748263769e-06
6.584446604725718855e-07
-2.167303232735230801e-06
-2.564735471588284933e-07
-3.078328245838676223e-06
-1.481566860811735380e-06
2.577805293047929304e-07
-4.796627882974676661e-06
5.186407128047326731e-06
1.038601848355822477e-06
1.707641225189678953e-06
5.183279222251371645e-06
3.910032726783719103e-07
3.129139402784676924e-08
-5.333169897759024947e-06
-7.649120631083378686e-06
-3.846953313686758347e-06
1.337857085879824032e-07
-7.518875322472853784e-07
4.494599120988406462e-06
-1.026560608480714623e-05
2.072783927989765318e-06
-1.034831801102524210e-07
8.378448590684445377e-07
4.144553828939383468e-07
-5.406338756216886806e-06
3.041761813507756978e-07
-2.168067368218204838e-06
-2.737184311010856604e-06
2.443022188696335798e-06
-2.641454149796556819e-07
6.947131095242955075e-07
7.506933296230911074e-06
3.292060223329932483e-06
3.055538264328246131e-08
-4.198307637147128527e-06
1.151985719866254788e-06
-5.234644852799476387e-07
6.891147287803843248e-07
-4.584974237561875571e-07
-3.348028744410006345e-06
1.000018009014507088e-06
-3.177955256645285587e-06
-1.399896320734422591e-06
1.749810636225059408e-06
-6.088561634312925719e-07
9.177399565752639186e-07
4.346799937367589981e-06
1.089059844607521149e-06
2.393029798691538123e-06
-6.224226970777177350e-07
1.624473515178251763e-06
-2.017503139622431373e-06
6.537725148054281954e-07
2.070023673076275621e-06
-6.315952548973488817e-07
-6.267982053236006008e-07
1.655259916806792450e-06
5.341953870870718116e-07
1.979174166498644198e-06
1.504809786881921286e-06
5.146584421918890049e-07
-2.201609954107818954e-06
-6.880639719693161163e-07
1.059946896335211041e-06
6.591885386143957775e-07
-8.815822662356058120e-07
2.565629617009679223e-08
-2.511979858954277310e-06
-1.425733888347278708e-06
7.250852893795004385e-06
1.004640557848760360e-05
-1.214860361219614573e-06
6.396459618699141129e-08
1.263285943592019046e-06
4.927830215382872108e-07
3.190778354278119509e-06
8.801095340901405619e-06
4.070515814294525332e-07
1.215793863296760051e-06
1.933803229580180913e-06
-3.336588456367049028e-07
-4.374884818459955001e-06
3.147188207772868662e-06
-1.584010136984336398e-05
-2.782543728247167871e-06
4.141987968290118824e-06
1.150583652887353869e-06
9.168681726303790037e-06
7.023945771354355293e-06
3.431614334940496263e-06
9.688221992476143048e-07
-8.148807435283655017e-06
3.838398791497682594e-06
-2.825549053821990258e-06
-2.750802242749556851e-05
-7.003415461628812498e-06
-1.182225256809835087e-05
-1.694346733536418378e-05
5.751873006774979725e-06
6.893758079834845880e-06
1.100286845627823260e-06
-5.338056040483669330e-07
-3.006399723374503417e-06
-9.452194230041172931e-06
-1.503342250779527536e-05
-1.771146101742127830e-06
3.725437674182540701e-06
1.652074357170757262e-06
8.656501991076726111e-06
6.909619761973111990e-06
5.102858701119495061e-06
-3.660737373489205568e-07
-1.213758113992161667e-05
9.855257831015905935e-06
-2.806884011426305214e-06
-5.050580833541077838e-05
-9.911566722880524934e-06
-2.585885574105002761e-05
-8.179951149995562889e-06
-5.499234898604365601e-06
-1.681087170533825765e-07
5.160163422972505457e-07
7.952006752376649913e-07
-2.561711274792439976e-06
-1.741506467631595018e-06
2.323518356298595163e-06
4.888602669774577670e-07
-5.974953907646489587e-06
5.429988961212964176e-06
-4.444477771749601618e-06
-3.134879304292118008e-05
-5.335212496359231526e-06
-2.095300220366289181e-05
-4.843821389617445814e-07
-7.765783266888451490e-07
3.252199648936497797e-06
6.931294382485496816e-07
-2.831778912344991742e-06
3.851714013287404013e-06
-2.872282744883340263e-07
-9.347612161348437638e-06
2.136996544297066943e-06
-8.218577557989742094e-06
-1.545191520696581251e-06
-3.684892489309199782e-07
1.348255819251441735e-06
-3.106497185135491056e-06
1.148685735908680149e-06
-3.288135558022488660e-06
1.314675512967488857e-06
4.259378859667497966e-07
-8.087208199124507952e-07
1.090697307790591189e-06
9.400671348485865176e-06
2.078544025943517642e-06
-5.201584465248819493e-06
1.878093506422347373e-06
2.701914272147314717e-06
2.999436032354447160e-06
6.272757063259020235e-06
2.841687365004225478e-06
1.401768216031346756e-06
-3.131182626861953916e-06
-2.452369567252233547e-06
7.190479122826889539e-07
-5.549960008852192222e-06
1.634343465613365758e-06
9.229882788016807208e-07
1.503987110615848219e-05
-3.561055100522613670e-06
8.641074682959004782e-07
2.553793745614998267e-05
4.408173176294100526e-06
1.101634971423964384e-05
-7.349058882187510435e-06
9.980618413154148541e-06
2.790099956343326199e-06
-8.039593890386594450e-07
-2.049516114293555610e-06
3.538027436970668253e-06
5.818752814740932355e-07
3.169269869829780320e-06
1.024299081070499858e-06
2.588687432668186798e-05
-4.704711220615602871e-06
3.569403143332562651e-06
4.629056266611294014e-05
3.980532823553164606e-06
2.449663803652967398e-05
-7.867637791375552638e-06
-6.555272272177693905e-06
-2.495526177944141101e-06
-3.134962739414732840e-07
4.117208322675275478e-06
-7.035579669341867444e-06
8.046700039013317058e-07
3.107538307145001159e-05
-2.938526983842588199e-06
2.203303268540998563e-05
-1.183457490343484921e-06
-5.591165558110958442e-08
2.857911922310347111e-08
7.775603760338598686e-06
-2.034741031876815528e-06
1.094156277040864240e-05
-8.387075933932838836e-07
-1.324807891500899010e-06
1.559406729636164947e-06
-2.462944935814080307e-07
6.577341589386372908e-06
-3.746655460257737153e-06
-2.139729427894635930e-06
3.827752588439563908e-06
-1.820513749462624867e-07
6.856802008007923802e-07
-7.345469252945505050e-07
-2.323039331487350237e-06
-7.293268547584655442e-07
-1.023930393349800299e-05
2.285136610614933927e-07
2.077589960672447676e-08
-1.239800548107277157e-05
-2.216662753672767120e-06
-4.647834945689852240e-06
3.362518713721190963e-06
6.660464303186090397e-06
8.313545567796853571e-07
-8.418522895546444559e-07
-4.435167189691503930e-06
5.617350199610755726e-06
1.129028824163946894e-06
-1.868924150824211923e-05
-7.425666468219168001e-08
-1.286310937983869472e-05
-2.021100954049471256e-06
5.943407739550423123e-07
-6.087806946325655339e-07
-1.348670691673535343e-05
1.783907707129847912e-06
-1.179597812226971420e-05
-8.114545455972183140e-07
4.396636034259929451e-06
-5.189429404115488883e-06
-1.123704774641355444e-06
-5.119166442548500285e-08
-3.094535936525147824e-06
1.968287880463307478e-06
2.015389499204871361e-06
2.603254429454677856e-06
-4.192377148257811830e-06
-1.968605769507170031e-06
5.563617851064424518e-06
1.906077251514555376e-06
2.401588964246820955e-06
3.279405757557559354e-06
-3.066738643246250158e-06
-1.125622988931466068e-06
1.268111733756225974e-05
2.028380577120241499e-06
6.403496871541547926e-06
3.484101706097141409e-06
-2.622749346270075569e-06
3.124097759156493466e-06
2.616112626157703229e-06
-1.877280539950404036e-06
3.358931305103024291e-06
2.260860576079974265e-06
-4.111381104169040877e-06
-2.630796606444996431e-06
2.007645442605553956e-06
-2.723623466685324887e-06
3.957426294667384238e-07
8.007443340073545826e-07
-2.161779849711801180e-07
2.310330142176151514e-06
2.160267736840874753e-06
-8.212679152837644565e-07
2.979658690566542858e-07
7.904723581193991282e-07
3.537977564807595283e-06
7.704115703862977031e-06
9.676457741167949201e-07
-1.878360154855857729e-06
-5.561245730324810117e-07
1.593432066115403500e-07
1.793349647540669645e-06
4.584164213841318623e-06
5.084512683258790096e-07
-1.806012157329352098e-08
-1.472750446462001659e-07
-6.376489497363834929e-07
-2.425628834021460322e-06
3.296565017262470484e-06
-5.383395429658325686e-07
-1.185001939605946488e-07
1.256690602025034455e-06
-1.447632123979728783e-06
2.344489532274632534e-06
2.256292027372021407e-06
-8.313856548156983858e-07
-5.556012548129736679e-07
9.621087076641860348e-08
2.604684199115413519e-06
-6.841533756626379069e-07
-8.486023561970461598e-08
7.373320707086072135e-07
1.151980732053342460e-06
1.315449515214319960e-06
9.052571337704870798e-07
8.421772864645786620e-07
-1.365646231102901363e-06
1.756337077912091008e-07
-1.095483991326836541e-06
2.286014581285163874e-06
-6.534832470616920286e-06
-2.085233064294227524e-06
-7.430340453676031531e-07
-1.002032106929229974e-06
5.655749271329547929e-06
2.193417728161277164e-06
-6.928377629498993119e-07
4.289835054650981212e-09
-1.382388317537971551e-06
2.350099587384610600e-06
-4.877299764752969802e-07
-4.434241084923133982e-06
1.002029975662593742e-06
1.149050794683834002e-06
5.242542682287680579e-07
-3.127131325460567508e-06
-1.282430543175673721e-07
-1.239129428619834936e-06
-7.602545116957397341e-07
3.516028425127873570e-06
-2.019640692721724713e-07
1.307702508099524448e-06
8.593842177495065340e-07
2.723214910188156207e-07
3.092994017903046042e-06
-1.001784763267493621e-06
-5.430948198206119212e-06
-1.048474358464082308e-06
-2.569061099798278704e-06
7.681235390366804956e-07
-1.232165105919515230e-06
1.620061415519558853e-06
6.284262622881446897e-07
-6.868961890189199460e-07
1.437153828135385078e-07
1.025113590289804592e-06
-3.420450127065884066e-07
1.055744756894017491e-06
-1.026279240784559077e-06
-1.573494860645820950e-06
-1.065812806474769273e-06
1.591560665128467868e-06
1.716261232056207584e-06
-1.550623205809050114e-06
-1.357351432060351225e-06
1.440316797495795328e-06
-3.438639327356723935e-07
1.232213696550714519e-06
8.603926423101975923e-07
7.234129155701414324e-06
-5.856974489569241604e-07
-4.853016472007991322e-06
-1.312042760988182724e-06
1.416866975383065879e-06
2.956626373156559692e-06
2.949516249804958977e-06
8.119857142508279623e-06
1.788285771228685601e-06
-1.227033476858652498e-06
1.298126571703416016e-06
-6.044390979945325708e-06
-6.035483563143294097e-06
-1.815523641918142336e-06
8.850793775416697860e-07
4.373098131705100507e-06
-5.336582631923834338e-06
2.543076463795970955e-06
2.066109787660580112e-05
2.519735999151440201e-06
9.941238398074410526e-06
3.459469763406312581e-06
8.550099068815135485e-06
-5.030201629693681878e-07
-1.241562392797203749e-06
-9.286319380448599372e-07
-1.069157426096012461e-06
-6.046562488598587312e-07
-3.445548434579882167e-06
2.359806878029881109e-07
5.642808373125761718e-06
-9.366346591562388935e-06
2.438903271635078796e-06
3.235468519185787811e-05
1.884949351750455868e-06
2.221602368021046727e-05
-3.329557827243572658e-06
8.652880565929140404e-07
-2.872379117570908434e-06
1.066729703812673431e-06
-2.324241978722141897e-06
-6.371203500249675322e-06
2.314127750117166495e-07
1.387180158391790782e-05
-2.891870802132430178e-06
1.322646034583583767e-05
1.308209892501412871e-07
-1.048823289333508540e-06
-2.746723930406673736e-06
4.659991225632401677e-06
-3.310960235624300977e-06
4.812580274993648957e-06
-2.721446708377097086e-08
-1.155540821329719139e-07
2.172970392086496412e-06
-1.184545883386332942e-06
4.475225102815171537e-06
-4.967892575173112539e-06
-1.570360638733776356e-06
1.860942960483843037e-06
5.923997314613315327e-07
1.060093240739714573e-06
4.247813438054120484e-07
-3.802908712152433205e-06
-1.049166687061609805e-06
-1.117708033769388286e-05
2.680551969131083378e-06
1.221088650691970448e-07
-1.929249129263462388e-05
-9.199132518657080887e-07
-8.700512605905225645e-06
7.299027320711694782e-06
7.586442324222850679e-06
-1.493105977276408581e-06
-2.714484322218758646e-06
-5.079424252671068109e-06
7.084435705190360191e-06
3.613107319123947762e-07
-2.746405512169247857e-05
2.996942602692857502e-06
-1.918666674148871259e-05
5.584952859646458815e-07
3.631138731170089984e-06
2.020380868013124156e-06
-1.576852973345173374e-05
4.284690396450589475e-06
-1.589121951276573647e-05
-1.269100384829402981e-06
2.429081605850035086e-06
-6.246944160495067420e-06
-6.825621116898527755e-07
-3.061649651342470085e-06
-4.116028413248963847e-06
1.850391024912334684e-06
1.182605823448796769e-06
7.532897575318776726e-07
-2.803391113043638263e-06
-2.151594363354510244e-06
6.769543151026110303e-06
-1.253219687381894199e-06
4.106393521443792623e-06
1.470793454434535670e-06
-2.506987259742997331e-06
-4.080344016865184153e-06
1.566826308986698631e-05
-1.232388564572808219e-06
1.154500713788156262e-05
3.044907812077374577e-06
-2.753107575442614107e-06
7.241084837666132077e-06
2.203387694849080211e-06
-5.911517915817401979e-07
3.068057794891756184e-06
2.282812453303062190e-06
-4.769173700157933426e-06
-1.752220056938116988e-06
-2.013385256431149883e-06
-4.596420952346029403e-06
4.077597419021518229e-07
-3.978171475678759109e-06
-2.641638648789062702e-06
9.854219122361057683e-07
4.675057839224559748e-07
-1.540198052361575299e-06
2.041920439324424856e-07
2.009315959976626395e-06
2.405521512447182775e-06
1.842685188182014046e-06
-4.398268034547968244e-06
-3.051295046600698867e-07
1.636716111310301238e-06
1.096555260172426822e-06
1.584227157263019350e-06
3.051380273608739321e-06
3.076852646574270011e-07
1.940799342543178046e-07
1.296804653711454163e-06
-1.334526689693143187e-06
-4.326559391295559414e-06
1.761598774167025048e-07
3.182118898919070176e-07
-5.750146920678738472e-08
-3.764397992986449310e-06
-1.902684722942332113e-07
-5.500163909688399165e-08
-1.500780333356702104e-06
-1.023823157535169481e-06
2.026017856266448333e-06
4.463918814890444661e-06
-1.672024239744302446e-06
1.319541666131101408e-06
-3.575735528730448649e-07
-2.800877365836487064e-06
-1.589152869639809292e-06
-9.465315486373119800e-07
-2.743959824239863172e-07
1.704590005146215050e-06
-4.923063830541683296e-06
8.515476447232016557e-07
2.488676989321800368e-06
-2.661727222186413033e-06
1.990739053702039492e-06
-2.184913348053995985e-06
1.771104826820187304e-06
-6.499772734608484533e-07
-1.077956679747960767e-06
-1.715540349239124300e-07
-2.408952797407116555e-06
-1.089142152759777855e-06
2.165757641527619421e-06
-2.933674908321858968e-06
3.154541828653181559e-06
1.646382811243674050e-06
-3.490710633040915842e-07
-4.572497230897008248e-08
8.771536417751306650e-07
9.469933557075290881e-07
2.499051945167305937e-06
-8.331208482443450144e-07
5.981057351174255413e-07
4.722257998123384727e-07
-5.816541586066405688e-07
-3.107348821399046486e-07
-4.045367816195900494e-06
7.248746302460203145e-07
2.292068221629161106e-06
1.323108482036418122e-06
1.647301112772192184e-06
2.354081099454237283e-06
-1.519777811747567530e-07
5.714197636081834780e-07
-2.438827176672667994e-06
6.954522122736654034e-06
-1.341952897367448130e-06
-1.206152905756168481e-05
1.677400022015212181e-06
-8.309935082625940239e-06
5.020085929911983968e-06
-4.722514931483873077e-08
-7.401828658809808809e-07
-1.035471045040631085e-06
9.498890536658520674e-07
6.612054761064700913e-06
1.289970394824445387e-07
-1.546647465522897770e-05
3.403845696997851909e-06
-1.466755308732377045e-05
7.871996353999210019e-07
2.997571212865600409e-06
1.886736874494404669e-06
-7.813276102921477121e-06
2.884164671377297396e-06
-8.861332827022925732e-06
-2.441303158046197651e-06
1.157008497425263383e-06
-3.619743385944596726e-06
-3.312581212836574932e-07
-2.653735551742511199e-06
-2.874821901208558699e-06
1.408687701170336335e-06
6.487946738102996550e-07
2.672916749701130193e-06
-4.115583485893218425e-06
-1.623283508159986082e-07
9.194305850543981547e-06
-2.347437715201772438e-06
8.094392455371420778e-06
1.488158909477010117e-06
-4.391407655064188504e-06
-2.979220625777436018e-06
1.213443931284095857e-05
-3.365571839667877466e-06
1.283640454350910291e-05
3.566009847122463251e-06
-1.453848622373701979e-06
8.463207056280737953e-06
1.818349242157022045e-06
5.212061161866442783e-07
3.162834445364799657e-06
2.737073680593431117e-06
-3.042691106596375390e-06
1.444912480570764770e-06
-3.409819555440049971e-06
-3.539995845300957215e-06
2.381584360237399786e-08
-6.764407865283610379e-06
-3.208666821685110854e-06
1.645517741070719461e-06
1.471471390718755942e-06
1.867410773030352912e-06
2.905583703191972859e-06
-2.435863536756312030e-06
-2.346073693499918891e-06
-2.253027497783044239e-06
3.882298149198182666e-07
1.041689202764574842e-07
7.956112926896901619e-07
-2.520845965815151314e-07
2.540027030523740629e-06
1.761055076410690542e-06
2.076135306966195951e-06
-1.360706668490548540e-06
5.015750870308674248e-06
2.669100960691339722e-08
8.212107822819909371e-07
1.902222029189159978e-06
5.820074499627887006e-07
4.300756246070543306e-07
-1.042196809733906741e-06
-1.997031616917902574e-07
2.210079500102125903e-06
-1.301053761012697452e-06
2.664322745451794962e-06
-8.190959954197141424e-07
-2.336749703183404647e-06
4.237446955657438646e-06
-2.513205376938164744e-06
-2.015508535808335565e-06
-1.097479190683588892e-07
-3.489185736962921999e-07
-1.129867503938098029e-06
1.228238853920700846e-06
-2.121887183795554681e-06
-4.854661173462895832e-07
-7.893279112049447902e-08
-6.962902457556613711e-07
-6.966964331353378815e-07
-2.725873991549191402e-06
-1.930279300476793416e-06
7.348627615673731221e-07
-4.917495356019050006e-07
4.618157662344844839e-07
-4.191978942655310329e-06
1.272894854992615349e-06
6.602263246063510699e-06
-2.882531972278520815e-06
5.147323127855762864e-06
4.425266445571518675e-09
-3.871594611254009463e-06
-1.211701853290890870e-08
6.587461949172529563e-06
-5.355096595189013091e-06
7.032725053220079229e-06
4.746106383843543319e-06
-2.180912267446020740e-06
5.827458735621255920e-06
1.602618718663559730e-06
-3.830753306749497470e-07
3.255818545994037272e-06
1.773900946713436700e-06
-3.668790847537861548e-06
2.540749574115205931e-06
-6.279551100269264202e-06
-4.999643358506526026e-06
1.672953783395736407e-07
-8.225168081250213724e-06
-4.150619150167669245e-06
1.723351660994542540e-06
-2.065278940014588231e-07
3.559510957038291619e-06
3.405313397505131094e-06
-1.564107264230648206e-06
7.165619974703299168e-07
-8.853660714112181719e-07
9.466891355201399052e-07
-1.751302889505082004e-06
3.514621167522042505e-06
-1.571348839850581296e-06
-2.575041765192297978e-07
3.941532971978891137e-06
-2.441622029370334898e-06
1.917313509997592661e-06
1.909532797647228842e-06
-2.391126271021437104e-06
1.069975023368790153e-07
2.765670751904302473e-06
-3.637361669671191740e-06
5.483984171824719345e-06
3.759008060606036343e-06
-2.265605432787806891e-06
3.622773765321679694e-06
2.215778402561054116e-06
-3.929125564346484102e-06
3.125726440805489556e-06
1.724283198562645433e-06
-4.930308093016186448e-06
3.090463853167666309e-06
-4.713317902860994778e-06
-5.126278246275095567e-06
2.137457509933126852e-06
-6.515346408442517016e-06
-4.104160366850091619e-06
2.329738730230880430e-06
9.390882589734311286e-07
4.577207020507941557e-06
3.633319439902091262e-06
-3.064290442184241829e-06
-1.900417913558542333e-06
1.239927464399259434e-06
4.392398747653041946e-07
-3.018486056628122588e-06
2.599611171008396249e-06
-3.967148410933017539e-06
-4.448978319647399890e-06
2.543473927189621721e-06
-5.379256974057953455e-06
-3.357092328684355744e-06
4.319704769295330058e-06
-9.340608007251815183e-07
4.562058503325048727e-06
5.293450331363623349e-06
-4.017934183455311669e-06
2.322803110494412363e-06
-1.853996766464405586e-06
1.313890962348971503e-06
3.128485807902977423e-06
-3.123198443024801526e-06
-9.573421125186852904e-07
